0.005 0.0 0.0
0.015 0.0 0.0
0.025 0.0 0.0
0.035 0.0 0.0
0.045 0.0 0.0
0.055 0.0 0.0
0.065 0.0 0.0
0.075 0.0 0.0
0.085 0.0 0.0
0.095 0.0 0.0
0.105 0.0 0.0
0.115 0.0 0.0
0.125 0.0 0.0
0.135 0.0 0.0
0.145 0.0 0.0
0.155 0.0 0.0
0.165 0.0 0.0
0.17500000000000002 0.0 0.0
0.185 0.0 0.0
0.195 0.0 0.0
0.20500000000000002 0.0 0.0
0.215 0.0 0.0
0.225 0.0 0.0
0.23500000000000001 0.0 0.0
0.245 0.0 0.0
0.255 0.0 0.0
0.265 0.0 0.0
0.275 0.0 0.0
0.28500000000000003 0.0 0.0
0.295 0.0 0.0
0.305 0.0 0.0
0.315 0.0 0.0
0.325 0.0 0.0
0.335 0.0 0.0
0.34500000000000003 0.0 0.0
0.355 0.0 0.0
0.365 0.0 0.0
0.375 0.0 0.0
0.385 0.0 0.0
0.395 0.0 0.0
0.405 0.0 0.0
0.41500000000000004 0.0 0.0
0.425 0.0 0.0
0.435 0.0 0.0
0.445 0.0 0.0
0.455 0.0 0.0
0.465 0.0 0.0
0.47500000000000003 0.0 0.0
0.485 0.0 0.0
0.495 0.0 0.0
0.505 0.0 0.0
0.515 0.0 0.0
0.525 0.0 0.0
0.535 0.0 0.0
0.545 0.0 0.0
0.555 0.0 0.0
0.5650000000000001 0.0 0.0
0.5750000000000001 0.0 0.0
0.585 0.0 0.0
0.595 0.0 0.0
0.605 0.0 0.0
0.615 0.0 0.0
0.625 0.0 0.0
0.635 0.0 0.0
0.645 0.0 0.0
0.655 0.0 0.0
0.665 0.0 0.0
0.675 0.0 0.0
0.685 0.0 0.0
0.6950000000000001 0.0 0.0
0.705 0.0 0.0
0.715 0.0 0.0
0.725 0.0 0.0
0.735 0.0 0.0
0.745 0.0 0.0
0.755 0.0 0.0
0.765 0.0 0.0
0.775 0.0 0.0
0.785 0.0 0.0
0.795 0.0 0.0
0.805 0.0 0.0
0.8150000000000001 0.0 0.0
0.8250000000000001 0.0 0.0
0.835 0.0 0.0
0.845 0.0 0.0
0.855 0.0 0.0
0.865 0.0 0.0
0.875 0.0 0.0
0.885 0.0 0.0
0.895 0.0 0.0
0.905 0.0 0.0
0.915 0.0 0.0
0.925 0.0 0.0
0.935 0.0 0.0
0.9450000000000001 0.0 0.0
0.9550000000000001 0.0 0.0
0.965 0.0 0.0
0.975 0.0 0.0
0.985 0.0 0.0
0.995 0.0 0.0
1.0050000000000001 0.0 0.0
1.0150000000000001 0.0 0.0
1.025 0.0 0.0
1.035 0.0 0.0
1.045 0.0 0.0
1.055 0.0 0.0
1.065 0.0 0.0
1.075 0.0 0.0
1.085 0.0 0.0
1.095 0.0 0.0
1.105 0.0 0.0
1.115 0.0 0.0
1.125 0.0 0.0
1.135 0.0 0.0
1.145 0.0 0.0
1.155 0.0 0.0
1.165 0.0 0.0
1.175 0.0 0.0
1.185 0.0 0.0
1.195 0.0 0.0
1.205 0.0 0.0
1.215 0.0 0.0
1.225 0.0 0.0
1.235 0.0 0.0
1.245 0.0 0.0
1.2550000000000001 0.0 0.0
1.2650000000000001 0.0 0.0
1.2750000000000001 0.0 0.0
1.285 0.0 0.0
1.295 0.0 0.0
1.305 0.0 0.0
1.315 0.0 0.0
1.325 0.0 0.0
1.335 0.0 0.0
1.345 0.0 0.0
1.355 0.0 0.0
1.365 0.0 0.0
1.375 0.0 0.0
1.385 0.0 0.0
1.395 0.0 0.0
1.405 0.0 0.0
1.415 0.0 0.0
1.425 0.0 0.0
1.435 0.0 0.0
1.445 0.0 0.0
1.455 0.0 0.0
1.465 0.0 0.0
1.475 0.0 0.0
1.485 0.0 0.0
1.495 0.0 0.0
1.5050000000000001 0.0 0.0
1.5150000000000001 0.0 0.0
1.5250000000000001 0.0 0.0
1.5350000000000001 0.0 0.0
1.545 0.0 0.0
1.555 0.0 0.0
1.565 0.0 0.0
1.575 0.0 0.0
1.585 0.0 0.0
1.595 0.0 0.0
1.605 0.0 0.0
1.615 4.892351606741193e-6 8e-8
1.625 4.8323235104290665e-6 1.6e-7
1.635 4.773393470736789e-6 2.4000000000000003e-7
1.645 1.650437204030954e-5 5.200000000000002e-7
1.655 2.562297037823217e-5 9.600000000000005e-7
1.665 3.912490059119324e-5 1.6400000000000012e-6
1.675 5.23035335573168e-5 2.5600000000000017e-6
1.685 6.516749385988908e-5 3.720000000000003e-6
1.695 4.21936448543402e-5 4.480000000000004e-6
1.705 6.803709922689229e-5 5.7200000000000045e-6
1.715 6.941520426536324e-5 7.000000000000006e-6
1.725 0.00010506323568350097 8.960000000000007e-6
1.735 0.00015260418463924685 1.1840000000000009e-5
1.745 0.0001718129553379794 1.5120000000000013e-5
1.7550000000000001 0.000277577006997428 2.0480000000000014e-5
1.7650000000000001 0.00039527635373127096 2.820000000000002e-5
1.7750000000000001 0.0004819624467519618 3.772000000000003e-5
1.7850000000000001 0.0005927181703950959 4.955999999999898e-5
1.795 0.0008673176578125214 6.707999999999726e-5
1.805 0.0009673987736430972 8.683999999999527e-5
1.815 0.0014990658483898592 0.00011779999999999198
1.825 0.001745121462150909 0.0001542399999999881
1.835 0.002197955442946807 0.0002006400000000005
1.845 0.0027739716490024447 0.00025984000000001567
1.855 0.0034153471448986677 0.00033352000000002636
1.865 0.004302400460689129 0.00042733999999998386
1.875 0.005424459217021725 0.0005468999999999443
1.885 0.006755957173277095 0.0006973999999999639
1.895 0.00813018983545255 0.0008804400000000978
1.905 0.009864689461677775 0.0011048800000001918
1.915 0.012542109523839091 0.0013932400000001496
1.925 0.014886304345406685 0.001739079999999907
1.935 0.018479096554586676 0.00217285999999981
1.945 0.02178405812762552 0.0026895199999999154
1.955 0.026196641164202384 0.003317240000000173
1.965 0.031036519932450685 0.004068560000000317
1.975 0.03745876250945184 0.004984600000000291
1.985 0.04399484628157738 0.006071399999999473
1.995 0.05191401206244871 0.007366779999998329
2.005 0.062037381357653784 0.00893031999999738
2.015 0.0723387936580497 0.010771719999997193
2.025 0.08489175084097525 0.012954159999996726
2.035 0.10068157430513983 0.015568159999996499
2.045 0.11545059539003058 0.018595139999997467
2.055 0.13314080901025477 0.022120159999997176
2.065 0.1529053897835442 0.02620795999999639
2.075 0.17716038863644523 0.03099017999999735
2.085 0.20357343278063886 0.03653848000000036
2.095 0.2334336402176 0.04296178000000069
2.105 0.26704762013344363 0.05038033999999628
2.115 0.3017905527096301 0.05884389999999417
2.125 0.3422343862652415 0.06853265999999773
2.1350000000000002 0.38571063217077245 0.07955525999999799
2.145 0.43434462540756597 0.09208424000000001
2.1550000000000002 0.4878768844112714 0.10628891999999701
2.165 0.5438374397464962 0.12227019999999754
2.1750000000000003 0.605588477380664 0.14023088000000677
2.185 0.6702675043104501 0.1602930400000056
2.195 0.7397243292803777 0.18263728000000343
2.205 0.815050834579294 0.20748167999999567
2.215 0.8929283028365272 0.23494737999999224
2.225 0.9769706334667899 0.265270100000007
2.235 1.062114002916854 0.29853244000001483
2.245 1.1528003447661828 0.3349585999999898
2.255 1.2495205082269987 0.3747934399999994
2.265 1.3458345595954022 0.4180801599999822
2.275 1.444700543390396 0.4649579599999764
2.285 1.549735159432365 0.5156869800000125
2.295 1.6516690205602753 0.5702269600000395
2.305 1.757373662985675 0.6287642399999982
2.315 1.8599757021772012 0.69125787999996
2.325 1.9666338727911485 0.7579072400000039
2.335 2.0676899093227377 0.8285854800000186
2.345 2.1684173893738445 0.9033430399999813
2.355 2.2645359436649004 0.9820816200000081
2.365 2.35585372536488 1.064692479999998
2.375 2.439788355845785 1.1509716400000063
2.3850000000000002 2.5220772459309453 1.2409134600000045
2.395 2.597077797992609 1.3343082199999965
2.4050000000000002 2.6590990037932447 1.4307335600000133
2.415 2.7205371269509238 1.5302088999999612
2.4250000000000003 2.766736585248793 1.6322130400000054
2.435 2.802321688962558 1.7363829799999968
2.445 2.8256357224136184 1.8422840599999797
2.455 2.8391948422582285 1.9495655200000415
2.465 2.8420566284149267 2.057831759999962
2.475 2.8323938811730667 2.16660712000001
2.485 2.8116363617157147 2.275459619999965
2.495 2.7814559353026196 2.3840121000000063
2.505 2.7353900677578307 2.4916242200000025
2.515 2.6811328445516467 2.5979456399999603
2.525 2.6142055154103256 2.7024390600000667
2.535 2.53954650157141 2.804753879999934
2.545 2.451728650265999 2.9043114800000187
2.555 2.3618264299418184 3.0009735800000032
2.565 2.2645134410833903 3.09437985999995
2.575 2.155942745915746 3.1840025800000644
2.585 2.0430665233151095 3.2695939599999426
2.595 1.934458846355115 3.3512635999999634
2.605 1.8231982280887102 3.4288303800000666
2.615 1.7159299324543242 3.5023950599999742
2.625 1.6104568337632048 3.571966999999912
2.6350000000000002 1.5112417841562444 3.637751200000041
2.645 1.414506068104143 3.6997927400000243
2.6550000000000002 1.3264905038077912 3.758414600000047
2.665 1.2419020582013927 3.813712439999883
2.6750000000000003 1.163408252040966 3.865904699999973
2.685 1.0878574563437369 3.9150732000001263
2.695 1.0217180635898808 3.9615969799999773
2.705 0.9595578530674941 4.005615160000021
2.715 0.9053902321333576 4.0474561399999045
2.725 0.8559406575881414 4.087303819999897
2.735 0.8131968798844552 4.125439959999975
2.745 0.7730601467496895 4.161959420000124
2.755 0.7378754000232097 4.1970711800000515
2.765 0.70854831144624 4.231032619999999
2.775 0.6819422533852952 4.263955660000021
2.785 0.6595437448568479 4.296027239999925
2.795 0.6425873363173203 4.327499079999833
2.805 0.6257578203814835 4.3583663599999145
2.815 0.6143806541775406 4.38888890000012
2.825 0.6048202842938945 4.419150340000147
2.835 0.5975079338429657 4.449257940000048
2.845 0.5942907780258322 4.479415060000004
2.855 0.5953323558448579 4.509837780000039
2.865 0.5997762938373246 4.5407026799999715
2.875 0.6022938744939846 4.571913879999872
2.8850000000000002 0.6097294595026942 4.603730579999943
2.895 0.6169171745590929 4.6361459000000895
2.9050000000000002 0.6262529376771693 4.669279480000164
2.915 0.6380382480652227 4.703269400000075
2.9250000000000003 0.6510779662806545 4.738192360000022
2.935 0.6645368733064339 4.774081380000014
2.945 0.6778391013412506 4.810938679999904
2.955 0.6925150888199016 4.848850139999917
2.965 0.7059826400199367 4.887760900000039
2.975 0.7201386441045646 4.92772006000013
2.985 0.7346225256466861 4.968757400000013
2.995 0.7464607463734487 5.010735900000005
3.005 0.7575827457678658 5.053624839999944
3.015 0.7681563842134089 5.097402299999875
3.025 0.7766676220884369 5.141958920000039
3.035 0.7851315785503956 5.1872994000000565
3.045 0.7917055249997224 5.233321300000042
3.055 0.7961607337541066 5.2799066599999485
3.065 0.8023520221633857 5.327162139999935
3.075 0.8045976227299534 5.374859599999995
3.085 0.8095974854524162 5.4231661200001
3.095 0.8123823162637791 5.4719535600000295
3.105 0.8166637504777947 5.5213155599999935
3.115 0.8191682379869019 5.571148379999906
3.125 0.824760312667524 5.621644039999953
3.1350000000000002 0.8285311965498959 5.672695740000081
3.145 0.8328216109385321 5.7243397
3.1550000000000002 0.8364584311952751 5.776539560000036
3.165 0.8409174181452836 5.829350879999968
3.1750000000000003 0.8460682849444665 5.882821980000026
3.185 0.8494719012887885 5.936846900000059
3.1950000000000003 0.852777019959933 5.99142312000007
3.205 0.8561663406070075 6.046559780000092
3.215 0.8624602389520131 6.102448899999941
3.225 0.8671905344553076 6.1589946800000135
3.235 0.8702206048817493 6.2160904800001004
3.245 0.8748449723827659 6.2738451000000115
3.255 0.8787144960860345 6.332213260000013
3.265 0.8828898495787587 6.391219660000046
3.275 0.8862599812656281 6.450814679999947
3.285 0.891121526121093 6.511103100000028
3.295 0.8954544409800803 6.572054060000023
3.305 0.8991424586340904 6.633628099999974
3.315 0.9037878034425646 6.695895359999992
3.325 0.9066684507178914 6.7587385200000165
3.335 0.9107552004044651 6.8222452200001
3.345 0.9149959108712916 6.886430819999972
3.355 0.9180567106814974 6.951216759999993
3.365 0.9211825008026185 7.016611380000073
3.375 0.926546938111595 7.082778340000099
3.3850000000000002 0.9321346322453865 7.149739379999976
3.395 0.9342984735592527 7.217252999999991
3.4050000000000002 0.9396247000506236 7.285552080000046
3.415 0.9427023349724525 7.354477940000035
3.4250000000000003 0.9467878326961534 7.424108519999966
3.435 0.9497305490101122 7.494363980000039
3.4450000000000003 0.9540005105070473 7.565346800000128
3.455 0.9570199696527186 7.636968279999929
3.465 0.9605692929205637 7.70927211999992
3.475 0.9641198237051996 7.7822627000000395
3.485 0.9662456332797706 7.855835839999974
3.495 0.9713859091797924 7.93022545999984
3.505 0.9754362927573296 8.005353339999958
3.515 0.9776978375321478 8.081085700000159
3.525 0.9809906954793421 8.157506099999956
3.535 0.9851826552919182 8.234689119999969
3.545 0.9878224517719637 8.312517420000031
3.555 0.9904692479791187 8.390995139999845
3.565 0.9934624132773661 8.470153479999968
3.575 0.9960105142168608 8.549960700000126
3.585 0.9976564418668398 8.630347639999913
3.595 1.0008202704850502 8.71144001999987
3.605 1.0027755758891923 8.793143480000143
3.615 1.005698963635106 8.875540359999954
3.625 1.0099275676134125 8.958742099999878
3.6350000000000002 1.009653337503022 9.042380800000169
3.645 1.0123524274064206 9.126705140000091
3.6550000000000002 1.0132285813444946 9.211566179999947
3.665 1.0157523202013754 9.297104740000025
3.6750000000000003 1.017557131420457 9.383263540000025
3.685 1.0171012705830407 9.469853059999982
3.6950000000000003 1.0187944036218892 9.557058100000214
3.705 1.020639682037955 9.644894600000026
3.715 1.0252185583973916 9.733602080000049
3.725 1.0245071553696352 9.822725880000199
3.735 1.0258595623277587 9.912447119999815
3.745 1.027941732081041 10.00283252000015
3.755 1.0290632048013735 10.093800400000083
3.765 1.0291032533300013 10.185256999999837
3.775 1.02881078316915 10.277173940000113
3.785 1.0291679334191204 10.369610579999993
3.795 1.0294388141484627 10.462560759999798
3.805 1.0300169754059363 10.556053920000108
3.815 1.0306078144360165 10.650093059999904
3.825 1.0294720026137163 10.74452165999999
3.835 1.0308073951788435 10.839567780000019
3.845 1.0315000137732369 10.93517441999985
3.855 1.0306972839846742 11.03120422000019
3.865 1.0308848367202308 11.127750440000032
3.875 1.029739526317958 11.224689079999955
3.8850000000000002 1.0292071774951586 11.322078320000163
3.895 1.0283441507529005 11.419887480000067
3.9050000000000002 1.0267047152463697 11.518042779999996
3.915 1.0250571428152864 11.61654312
3.9250000000000003 1.0246436484769155 11.715507359999847
3.935 1.0215751665779194 11.81467864000011
3.9450000000000003 1.0217813002396372 11.914374719999948
3.955 1.0209723524595513 12.01449753999992
3.9650000000000003 1.0223074429288996 12.11525890000015
3.975 1.0200967257684201 12.21631015999982
3.985 1.0184589788698581 12.317707440000072
3.995 1.0183435179200824 12.419602700000109
4.005 1.014951438634224 12.521667599999983
4.015 1.0131335496455482 12.624059100000137
4.025 1.0113294447107288 12.726778039999813
4.035 1.0100366664985956 12.829876060000087
4.045 1.0106764429938564 12.933551360000163
4.055 1.009955475821659 13.037665579999963
4.065 1.0098372942785327 13.142281699999979
4.075 1.00720242416364 13.247138859999882
4.085 1.0052208746536233 13.352303979999961
4.095 1.0037151995603208 13.457826319999992
4.105 1.0032651994985173 13.563817120000055
4.115 1.0003895038652202 13.670019660000053
4.125 0.9996054637636483 13.776655359999877
4.135 0.9984719473780734 13.883687200000189
4.1450000000000005 0.9982085388334003 13.991208980000021
4.155 0.9960126904806069 14.099012519999993
4.165 0.9965554235654001 14.207394620000102
4.175 0.9949693379174934 14.31612446000015
4.1850000000000005 0.9932644315423209 14.425188580000013
4.195 0.992576155183894 14.534698599999958
4.205 0.992995981357882 14.644777880000143
4.215 0.9908636561154635 14.755143839999908
4.225 0.9910257210989598 14.866052240000045
4.235 0.9916716365571729 14.97755890000008
4.245 0.9905298128719303 15.089463780000129
4.255 0.990105769011134 15.201848379999982
4.265 0.9907146006262653 15.314831279999934
4.275 0.9905425317243854 15.4283248999999
4.285 0.988486610667165 15.542113439999994
4.295 0.9899328381179014 15.656600959999965
4.305 0.9879803595368648 15.771395360000136
4.315 0.9887684381660068 15.886815679999978
4.325 0.9880537628188948 16.002687779999995
4.335 0.9888931738240144 16.119195220000055
4.345 0.9887650932043017 16.236225639999958
4.355 0.9886716599527476 16.353784259999998
4.365 0.9886477303004757 16.47188051999995
4.375 0.9890961875312442 16.590572320000025
4.385 0.9910325632508191 16.710040759999853
4.3950000000000005 0.9916555443334624 16.83013016000003
4.405 0.9910501813803622 16.95069301999999
4.415 0.9910944345611278 17.07180929999991
4.425 0.9906211548931279 17.193416759999938
4.4350000000000005 0.9935113390769057 17.3159308799997
4.445 0.993483808708714 17.4389947
4.455 0.9944728019478931 17.562735919999863
4.465 0.9971066556681307 17.687362480000022
4.4750000000000005 0.9970623496393946 17.812542339999936
4.485 0.9973670990357061 17.93832072
4.495 0.9974333347642914 18.06466900000001
4.505 0.9987551317987513 18.19174825999992
4.515 0.9998394885798239 18.319530899999847
4.525 1.0016942638866113 18.44811829999997
4.535 1.0008706902296072 18.577168480000108
4.545 1.003205255484866 18.70709076000006
4.555 1.0052206362495135 18.83784754000002
4.565 1.0052666054133663 18.969185079999907
4.575 1.006488340245391 19.101258979999937
4.585 1.0073575344584949 19.234025439999858
4.595 1.0075954597677435 19.367403159999967
4.605 1.0108168013039864 19.50179032000012
4.615 1.0111796408554286 19.636810220000044
4.625 1.0122700532267495 19.772562119999943
4.635 1.0135147940764417 19.90906934000001
4.6450000000000005 1.014334324785169 20.04627708000016
4.655 1.013968840074118 20.184026580000044
4.665 1.0143462324043544 20.322420039999926
4.675 1.0137979801919859 20.461332340000105
4.6850000000000005 1.0150683045214095 20.601014359999937
4.695 1.0142454851945886 20.741179600000045
4.705 1.0154392761096287 20.882108239999734
4.715 1.0153918115863236 21.023629959999926
4.7250000000000005 1.015710022327244 21.165797160000125
4.735 1.0157238064092575 21.308568699999988
4.745 1.0145823417763886 21.451782800000313
4.755 1.0135822945360882 21.595459419999926
4.765 1.0135167278458421 21.73973166000005
4.775 1.0141174781418048 21.88469595999995
4.785 1.0118093903216008 22.02993676000027
4.795 1.011296430590867 22.175711320000126
4.805 1.011445370983257 22.322116099999683
4.815 1.0096650001652545 22.46887212000008
4.825 1.0080507331455557 22.616002739999924
4.835 1.0075586545701605 22.763671740000156
4.845 1.0068596920510482 22.91184933999981
4.855 1.0048152271467996 23.0603371200002
4.865 1.0031785461385114 23.20919436000013
4.875 1.0019413311224172 23.358479839999905
4.885 0.9999133583837354 23.50807499999962
4.8950000000000005 0.99814414113128 23.658017480000098
4.905 0.997037235694754 23.80840626000015
4.915 0.9964817377195847 23.959324740000284
4.925 0.9937579711177115 24.110443760000177
4.9350000000000005 0.991735367132069 24.26186825999991
4.945 0.9896792328846895 24.413591840000347
4.955 0.9884426382211656 24.56573933999979
4.965 0.9877402269818392 24.718393019999876
4.9750000000000005 0.9851969894697874 24.871267599999968
4.985 0.9849473770050888 25.024718479999954
4.995 0.9824988180380004 25.17840262000004
5.005 0.9806655792041006 25.332414819999965
5.015 0.9794526681495398 25.486851819999956
5.025 0.9776630098850327 25.641622020000195
5.035 0.9754624300562267 25.796659079999777
5.045 0.9751762294246983 25.95226692000019
5.055 0.9742312320081151 26.108340860000077
5.065 0.973503451164246 26.26491586000009
5.075 0.9723476326344381 26.42192310000004
5.085 0.9716562648662606 26.57943761999979
5.095 0.9712020944894435 26.737498359999933
5.105 0.9708890768574774 26.89612902000022
5.115 0.9699514292086926 27.055227959999765
5.125 0.9708382003166011 27.21509561999986
5.135 0.9708871846514116 27.375595859999734
5.1450000000000005 0.9710776482870509 27.536753440000012
5.155 0.971247083763355 27.698566320000296
5.165 0.9705939381216635 27.86089836000009
5.175 0.9711827870558333 28.023958460000213
5.1850000000000005 0.9733105335353069 28.188007980000272
5.195 0.9737839706048294 28.352770999999755
5.205 0.9754839091712941 28.518457680000317
5.215 0.9759927788067515 28.684868379999987
5.2250000000000005 0.9764867542083271 28.852002440000057
5.235 0.9776147183088932 29.019970660000237
5.245 0.9793524844118102 29.188880920000077
5.255 0.9804162255452482 29.358620040000133
5.265 0.9821244765400432 29.529302659999924
5.275 0.9847383915145185 29.701090259999802
5.285 0.9853343267363536 29.873634159999856
5.295 0.9856590901630575 30.046888719999668
5.305 0.9877075729500007 30.22115973999967
5.315 0.9892437983859024 30.396360460000196
5.325 0.9902532390469814 30.57240051999971
5.335 0.9939681684607805 30.74976528000002
5.345 0.9938750805934787 30.927778900000256
5.355 0.996290252002384 31.10689343999938
5.365 0.9983257546862954 31.28704488000003
5.375 0.9994950670103212 31.468080319999874
5.385 1.0005209845375045 31.64997652000006
5.3950000000000005 1.0023475496982632 31.832882219999792
5.405 1.0028147807582521 32.01655217999995
5.415 1.0045000171069258 32.201212199999645
5.425 1.0060465744526692 32.38684023999963
5.4350000000000005 1.0060624846372463 32.57315620000018
5.445 1.007520527136902 32.76042942
5.455 1.009701697354362 32.94879805999993
5.465 1.0095856970097874 33.137836239999906
5.4750000000000005 1.0112565030170684 33.3278808600001
5.485 1.012225238241558 33.518803059999584
5.495 1.0133052136521408 33.71062650000011
5.505 1.014616991849036 33.903397980000534
5.515 1.0165688660787697 34.097242640000196
5.525 1.0165415399109092 34.29178568000006
5.535 1.0167085340065587 34.48706565999981
5.545 1.0177868605649676 34.68325976000018
5.555 1.0192170112024634 34.88043881999998
5.565 1.0189495265858175 35.07827649999977
5.575 1.0186658026291977 35.276770539999944
5.585 1.0201555779104674 35.47626863999992
5.595 1.0199904571110017 35.67644938000037
5.605 1.0207287332594974 35.8774917400001
5.615 1.0216523875362142 36.07943468000023
5.625 1.0221405797168381 36.28219440000011
5.635 1.020847269204932 36.48541822000004
5.6450000000000005 1.0219599327833437 36.689586260000006
5.655 1.0211262754355452 36.894311160000285
5.665 1.022247110230139 37.09998626000016
5.675 1.0229772060703948 37.3065355399999
5.6850000000000005 1.0223371569429747 37.51368370000005
5.695 1.0223514477142264 37.72156415999995
5.705 1.0227286768151074 37.93025228000034
5.715 1.0216077976614486 38.13944312000025
5.7250000000000005 1.0223166782381201 38.34951234000004
5.735 1.0223167412092546 38.560316079999744
5.745 1.0225824990997185 38.77191060000017
5.755 1.0221825698234912 38.98415934000021
5.765 1.0230779424732188 39.19733289999985
5.775 1.0230096209935595 39.41123236000019
5.785 1.0224961234967829 39.62576549999987
5.795 1.023132449486053 39.8411749399997
5.805 1.0226936039409762 40.057235739999854
5.815 1.0226413550242988 40.27403050000026
5.825 1.022679617112171 40.491579679999845
5.835 1.0214563610616343 40.709615339999964
5.845 1.0224383140055888 40.92860929999985
5.855 1.020832431661518 41.148008100000254
5.865 1.021427078789234 41.368285219999585
5.875 1.0210330798811174 41.589228879999915
5.885 1.0211309542879434 41.81094657999988
5.8950000000000005 1.0210583364414572 42.03340259999994
5.905 1.0209660810047296 42.256593820000106
5.915 1.0190746666430097 42.48012674000001
5.925 1.0198527265168904 42.70458735999986
5.9350000000000005 1.0201465562320877 42.92987118000041
5.945 1.0197807742888176 43.15583375999963
5.955 1.0200293464017283 43.38261241999968
5.965 1.0193756566418848 43.610007539999835
5.9750000000000005 1.0189673394918801 43.83807433999985
5.985 1.018235624656506 44.06674085999999
5.995 1.0176698120221008 44.2960446599996
6.005 1.0173078904183317 44.526032260000086
6.015000000000001 1.0174362490690572 44.756815600000095
6.025 1.0150960181789213 44.98783433999965
6.035 1.015834728671144 45.21978926000014
6.045 1.0152358734439877 45.45237631999964
6.055 1.0151096412379625 45.68570452000049
6.065 1.0144146639986442 45.91964377999944
6.075 1.0137312051296903 46.15419697999991
6.085 1.0135841938361314 46.38948887999987
6.095 1.0129570384034559 46.62540870000008
6.105 1.012155397321537 46.8619159799997
6.115 1.0116468811663109 47.09907948000033
6.125 1.0110396888581488 47.33687647999964
6.135 1.0121980876690702 47.57572393999991
6.1450000000000005 1.0102400102124114 47.81488711999965
6.155 1.0092837036565736 48.054602200000055
6.165 1.0089838052126048 48.29502538000001
6.175 1.008655622654684 48.5361507000004
6.1850000000000005 1.0081004614327334 48.77792448000003
6.195 1.007238231438149 49.02027324000005
6.205 1.0063246169209044 49.26318450000107
6.215 1.0053811045286873 49.506650859999915
6.2250000000000005 1.005614615999929 49.75095805999977
6.235 1.0058345652228686 49.99610442000012
6.245 1.005560437685872 50.2419707400004
6.255 1.0042427653939048 50.48830188000013
6.265000000000001 1.0031233563736588 50.735145819999794
6.275 1.0029794776799383 50.98274287999956
6.285 1.0019627053962974 51.2308779199997
6.295 1.002395094279497 51.47991062000021
6.305 1.0005487650824791 51.729275000000314
6.315 0.9997001397808639 51.979218840000115
6.325 1.0000660150506697 52.23004665999969
6.335 0.9993774028040324 52.48149497999988
6.345 0.9989420429092284 52.73362787999972
6.355 0.9989822833894159 52.98656634000001
6.365 0.9984619714426468 53.24016930000003
6.375 0.9980102587541319 53.49445466000015
6.385 0.9977254946227889 53.74946561999988
6.3950000000000005 0.9977246882666344 54.00527577999993
6.405 0.9972635725542058 54.261768000000195
6.415 0.9963696277670653 54.518831119999696
6.425 0.9955932572767656 54.77649537999942
6.4350000000000005 0.9961566704400268 55.03510859999997
6.445 0.9951599859842731 55.29426666000023
6.455 0.9958423878238802 55.554407819999575
6.465 0.9960463335985043 55.81540906000029
6.4750000000000005 0.9953416207144398 56.07703311999984
6.485 0.9943726907554127 56.33921043999994
6.495 0.9950685278976215 56.602380980000525
6.505 0.9950645979913644 56.866361479999924
6.515000000000001 0.9939246501787405 57.13085088000005
6.525 0.9933396783264535 57.395996699999955
6.535 0.9926474080738172 57.661770499999754
6.545 0.9933510509991341 57.928547280000124
6.555 0.9933521999301287 58.1961401999996
6.565 0.9937002414986253 58.464644239999906
6.575 0.9930647059551516 58.73379464000029
6.585 0.9942921579796016 59.00409806000045
6.595 0.992495518195375 59.27473315999988
6.605 0.9924425392971091 59.546175120000214
6.615 0.993182974004542 59.81864275999973
6.625 0.9922183636583096 60.09166937999951
6.635 0.992048387764663 60.36547394000021
6.6450000000000005 0.991835710534668 60.64004558000025
6.655 0.9917682106808772 60.91542549999976
6.665 0.9926922670588363 61.19189097999972
6.675 0.9929209297504713 61.469250560000106
6.6850000000000005 0.99371364150697 61.747663899999786
6.695 0.9925469634117039 62.026582959999956
6.705 0.9929920238691566 62.306461299999704
6.715 0.9930085182871096 62.587179759999856
6.7250000000000005 0.9939966199456598 62.869015100000205
6.735 0.9929302525495529 63.15138597999964
6.745 0.9932712440578225 63.43469326000044
6.755 0.9941154562195834 63.719082719999946
6.765000000000001 0.9932920405735122 64.00407855999997
6.775 0.9934116420996034 64.28995200000075
6.785 0.9936959281942572 64.57675202000016
6.795 0.9932660502579785 64.86427362000013
6.805 0.9939196776637762 65.15283187999995
6.815 0.9933727253699551 65.44207958000011
6.825 0.9935551067959734 65.73223001999868
6.835 0.9941616832750723 66.02340899999975
6.845 0.9942609985379038 66.31546980000012
6.855 0.9936060266285053 66.6081916200008
6.865 0.9941516681979404 66.90192932000018
6.875 0.9940536092330544 67.19649433999997
6.885 0.994005897352605 67.49190272000085
6.8950000000000005 0.9939738068696435 67.78816028000067
6.905 0.9950713512218196 68.08560587999955
6.915 0.9940187293627106 68.38359808000013
6.925 0.9948509349375624 68.6827029800002
6.9350000000000005 0.9947617725044714 68.98264546000006
6.945 0.9953475210391048 69.28363070000009
6.955 0.9954583420591344 69.5855169400007
6.965 0.9944222381002528 69.8879567999991
6.9750000000000005 0.9959454019769282 70.19173031999972
6.985 0.9955525116236255 70.49625532000002
6.995 0.9958160910657694 70.80173374000073
7.005 0.9967283808868813 71.10836686000059
7.015000000000001 0.996687170941294 71.41586335999995
7.025 0.996659673946588 71.7242286600001
7.035 0.9968526187802823 72.03353236000022
7.045 0.9974090697865304 72.34388916000003
7.055 0.9967215615860496 72.65491311999924
7.065 0.9971155865713898 72.96694272000036
7.075 0.9976406796791681 73.28002103999967
7.085 0.99729848027078 73.5938773200003
7.095 0.9971861875542978 73.90858476000032
7.105 0.9976693385917902 74.22433285999982
7.115 0.997624311163929 74.54095610000003
7.125 0.9976517047648032 74.85847870000063
7.135 0.9985950541470349 75.17719430000032
7.1450000000000005 0.9979316385479361 75.49659157999973
7.155 0.9980030201272964 75.81690644000024
7.165 0.9982410630316966 76.1381939000002
7.175 0.997364198174749 76.4600957999993
7.1850000000000005 0.9980967957616796 76.7831327200002
7.195 0.9988025519157785 77.10729851999979
7.205 0.9984709803791313 77.43225812000007
7.215 0.9983951595706424 77.75809564000073
7.2250000000000005 0.9983522945220701 78.0848229799995
7.235 0.9989129701997274 78.41263937999987
7.245 0.9988284861042878 78.74133479999958
7.255 0.998599334251562 79.07086260000031
7.265000000000001 0.9987827682487037 79.40136013999987
7.275 0.9986221924259714 79.73271485999953
7.285 0.9992461714858839 80.06518875999907
7.295 0.9990566573691348 80.3985128199995
7.305 0.9985308568702006 80.73257543999998
7.315 0.9992101427433939 81.06778118000032
7.325 0.9990311384470961 81.4038438200001
7.335 0.9990969437621163 81.74084686000064
7.345 0.9995076826990881 82.07890834000044
7.355 1.000026604507611 82.41806695999979
7.365 1.0004436331993773 82.75829027999973
7.375 0.9998861515576872 83.09924802000016
7.385 0.9997556601125679 83.44108639999978
7.3950000000000005 0.9998668150038833 83.78388927999929
7.405 0.9995760230404009 84.12751993999994
7.415 0.999920923362221 84.4721982199996
7.425 1.0002252748773908 84.81791199999937
7.4350000000000005 1.0000409457056598 85.16449373999991
7.445 0.9998415079318443 85.51193909999941
7.455 0.9997786773662184 85.86029656000044
7.465 0.9999790745230319 86.20965922000022
7.4750000000000005 1.0004360211987675 86.56011857999981
7.485 1.0005184396239026 86.9115452000005
7.495 1.000008186532233 87.26373176000013
7.505 1.0012965226286124 87.61731367999953
7.515000000000001 1.0011530335677696 87.97178767999968
7.525 1.0015095184720193 88.32733224000003
7.535 1.002025663596584 88.68400611999937
7.545 1.0018254372753628 89.04155587999948
7.555 1.0012634416411066 89.39985293999965
7.565 1.0026142189302496 89.7595837800007
7.575 1.0029911880952482 90.12040190000006
7.585 1.001697222257022 90.4817065799998
7.595 1.0026180445779498 90.84429758000095
7.605 1.002023380625477 91.20762840000017
7.615 1.0020617983461877 91.57192932000055
7.625 1.0024383995190296 91.93732493999956
7.635 1.0027296924193128 92.30378606000039
7.6450000000000005 1.0032902516469475 92.67141315999903
7.655 1.0034814591374663 93.04007288000017
7.665 1.0034513899677024 93.40968533999907
7.675 1.00397918154963 93.78045775999978
7.6850000000000005 1.0030889793438835 94.15186738000031
7.695 1.0040033663636643 94.52458365999962
7.705 1.0032921473428154 94.89800457999986
7.715 1.0037569211399955 95.2725688599999
7.7250000000000005 1.004342567774047 95.64832388000028
7.735 1.0042335352419576 96.0250114599998
7.745 1.0042620629944319 96.40268438000018
7.755 1.0045285626581433 96.7814336800002
7.765000000000001 1.0048434788378218 97.16127944000016
7.775 1.00371409713151 97.54167616000146
7.785 1.0042337728716777 97.92324947999847
7.795 1.0042447778760275 98.30580789999944
7.805000000000001 1.0051866055963048 98.68970820000013
7.815 1.004332491459792 99.07426582000011
7.825 1.004456848012052 99.45985596000067
7.835 1.004410848281299 99.84641456000053
7.845 1.0048193092541877 100.23411813999995
7.855 1.0051500005878664 100.62293868000111
7.865 1.0056390365514023 101.01293950000064
7.875 1.004737165901174 101.40358204000103
7.885 1.004341521334091 101.79506309999937
7.8950000000000005 1.0052398669326328 102.18788882000003
7.905 1.0049630826390932 102.58160186000018
7.915 1.0043757492532295 102.97608095999976
7.925 1.0042817864694704 103.37152048000094
7.9350000000000005 1.004240787854264 103.76794240000065
7.945 1.0041487520999204 104.16532769999995
7.955 1.0042407770347848 104.56375047999906
7.965 1.0038284936372075 104.96301159999943
7.9750000000000005 1.0039593864040093 105.3633280799995
7.985 1.0044772307609748 105.76485612000002
7.995 1.0038922746433716 106.1671560799998
8.005 1.0029895883750848 106.57010039999953
8.015 1.003152071575603 106.97411751999934
8.025 1.0029652215608789 107.37906798000044
8.035 1.0033238265686004 107.78517344000029
8.045 1.0034895120081893 108.1923575999997
8.055 1.0035313643650186 108.60057168000006
8.065 1.0030163030243135 109.00958991999897
8.075 1.0029019364255765 109.41957633999934
8.085 1.002724063035345 109.83050594000025
8.095 1.003141873402085 110.2426243399997
8.105 1.0026805969654673 110.65557159999973
8.115 1.0027381894747933 111.06956225999963
8.125 1.002303476622133 111.48439393999953
8.135 1.002316462013976 111.90025276000091
8.145 1.0024070509115954 112.31717227999992
8.155 1.0019527130304802 112.73492673999961
8.165000000000001 1.0018527908863362 113.15366460000158
8.175 1.0023760094300114 113.57364800000013
8.185 1.0017685751631904 113.9944043800009
8.195 1.0022388774618267 114.41638751999835
8.205 1.0019125719128688 114.83926342000042
8.215 1.0021550591206607 115.26327331999909
8.225 1.0021049084804294 115.68829486000146
8.235 1.0017890393281519 116.1142162200001
8.245000000000001 1.002121363810731 116.5413142600007
8.255 1.0020739764626936 116.96942870000093
8.265 1.0017878616913956 117.39845845999892
8.275 1.0006294846479167 117.82802974000032
8.285 1.001972457763278 118.25921782
8.295 1.0016279424020786 118.69129880000054
8.305 1.001316960998389 119.12428771999993
8.315 1.001411164790724 119.55836081999968
8.325 1.0011412940308992 119.99336136000048
8.335 1.0006991076933 120.42921498000037
8.345 1.0009220906831362 120.86621242000093
8.355 1.0007885225838278 121.30419935999974
8.365 1.0001890332900931 121.74297237999953
8.375 1.000466252541282 122.1829169999995
8.385 1.0006287762356114 122.6239844999993
8.395 1.0004658073261647 123.0660326599992
8.405 1.0003592594525343 123.50908737999887
8.415000000000001 0.999939366124377 123.95301057999905
8.425 1.000267760177988 124.39813561999907
8.435 1.0000894812054855 124.8442384399994
8.445 0.9998682231031779 125.29130070000046
8.455 0.9997145602050708 125.73935347999958
8.465 0.9997552077013308 126.18848499999973
8.475 0.9995263039887956 126.6385752199999
8.485 0.9994881834840723 127.08971101999923
8.495000000000001 1.000041639733953 127.54216121999788
8.505 0.9994829545443283 127.99542389999961
8.515 0.9996005618410039 128.4498065399997
8.525 0.9987251221168304 128.9048581800004
8.535 0.9983726475891342 129.36081703999963
8.545 0.9987640410284764 129.8180241399992
8.555 0.9985954827100958 130.2762246400006
8.565 0.9994698259867321 130.73589907999985
8.575000000000001 0.9990036469296064 131.19643262000153
8.585 0.9992985448673521 131.65817717999917
8.595 0.9997223268745079 132.12119434000127
8.605 0.9994394093379687 132.58515820000045
8.615 0.9993706257979843 133.05016903999794
8.625 0.9994855865827569 133.51631366000007
8.635 0.9997155034052985 133.98364729999963
8.645 0.9990056455810286 134.45173138000106
8.655 0.9987756210427889 134.9207909599991
8.665000000000001 0.998562606422539 135.39083480000036
8.675 0.998403662146805 135.86188919999967
8.685 0.998650417918841 136.33414692000088
8.695 0.9991351775295393 136.80772255999972
8.705 0.9990059100183595 137.28232672000038
8.715 0.9983823418279707 137.75772500000033
8.725 0.9985829142838035 138.2343106199997
8.735 0.9988179987363397 138.71210178000103
8.745000000000001 0.9981263440739452 139.19065592000013
8.755 0.9980990230907715 139.67029201999912
8.765 0.9983317021182336 140.1511364999986
8.775 0.9981501207713317 140.63299114000162
8.785 0.9985061622174457 141.11611692000014
8.795 0.9987553961338381 141.60046407999974
8.805 0.999103874089974 142.08608265999908
8.815 0.9988027851795163 142.57265824000038
8.825000000000001 0.9993953368984251 143.06062774000043
8.835 0.9988174812378735 143.5494209599985
8.845 0.9985649146660721 144.03919741999945
8.855 0.9987268970694109 144.5301616000012
8.865 0.9987332638137957 145.02223843999968
8.875 0.9981762060247454 145.5151509800014
8.885 0.9984390035768004 146.00930499999907
8.895 0.9992109170589752 146.5049548799997
8.905 0.999173439226546 147.00170119999856
8.915000000000001 1.0000561587748382 147.50000364000047
8.925 0.9998453357484197 147.99931932000047
8.935 0.9996051791430377 148.49963434000097
8.945 0.9999263580010852 149.0012310000001
8.955 0.9999536879450595 149.50396353999903
8.965 0.9995238147523237 150.0076029000008
8.975 0.9994603805382337 150.51233442000026
8.985 0.9982383301294058 151.01757279999944
8.995000000000001 0.9986725633456526 151.5241566999999
9.005 0.9984679672238544 152.03176357999942
9.015 0.9987790964792805 152.5406569999987
9.025 0.9989109319673234 153.0507473600009
9.035 0.998733550056841 153.56187796000054
9.045 0.9991914222538438 154.0743754799998
9.055 0.9993924474305809 154.588110179999
9.065 0.999735500576526 155.10315694000153
9.075000000000001 1.000130510996003 155.61954461999983
9.085 0.9999169067888896 156.13696044000065
9.095 0.9997903696879927 156.6554503200005
9.105 1.000038241195951 157.17520981999988
9.115 1.0000109257682201 157.6960974199993
9.125 1.0006663903596338 158.21847074000013
9.135 1.000887666195895 158.7421053799987
9.145 1.0007021610374711 159.2667898199986
9.155 1.00051994948118 159.7925266200001
9.165000000000001 1.0010111059940165 160.31967121999938
9.175 1.00144995861568 160.84819840000006
9.185 1.0008370968136377 161.37755415999953
9.195 1.0011772811732278 161.90824351999956
9.205 1.0007150471942219 162.43984225999904
9.215 1.0010673392288982 162.97278420000043
9.225 1.001306442964675 163.5070110199993
9.235 1.0011259580249872 164.04230018000013
9.245000000000001 1.001211935415572 164.5787952999992
9.255 1.0018162040406946 165.11677615999852
9.265 1.0014406671876048 165.65571812000007
9.275 1.001105470926982 166.19564332000093
9.285 1.0008384058186401 166.7365890599991
9.295 1.0005225772670192 167.2785295600003
9.305 1.001117802867792 167.82195987999788
9.315 1.0008438517748852 168.36640984000002
9.325000000000001 1.0012036326230216 168.91222554000066
9.335 1.0012715076502994 169.45924960000028
9.345 1.0010949000447342 170.00734958000038
9.355 1.000385549938337 170.5562340199998
9.365 1.0010175737198101 171.10664005999948
9.375 1.0005146879389648 171.6579450800011
9.385 1.0005654948879052 172.21045490000063
9.395 1.0009799717789671 172.7643721399987
9.405 1.0010263839160132 173.31949491999865
9.415000000000001 1.0015557170394398 173.87609298000066
9.425 1.0012180131496558 174.43368595999848
9.435 1.0014481366160464 174.992591219998
9.445 1.0011828019460158 175.55253346000174
9.455 1.0013293981557223 176.11374417999932
9.465 1.0009621828995667 176.67593640000175
9.475 1.0011023532649699 177.23939608000188
9.485 1.0009466724536764 177.8039579399993
9.495000000000001 1.001123350643194 178.36981072000043
9.505 1.0012337940481515 178.93691857999875
9.515 1.0011058682975202 179.5051477399994
9.525 1.000897192882523 180.0744532200014
9.535 1.0008634388290825 180.64493547999925
9.545 1.0022446797343894 181.2174039200004
9.555 1.0010101879747362 181.79036590000177
9.565 1.0018430935862925 182.36500554000293
9.575000000000001 1.0020265116105678 182.9409527799989
9.585 1.002106355792137 183.51814966000026
9.595 1.0022420771981673 184.09662987999977
9.605 1.0016252209713479 184.67595973999832
9.615 1.0018864780093546 185.25664795999998
9.625 1.0017226562928 185.83844954000185
9.635 1.0014740237593558 186.42131598000108
9.645 1.0017150629684357 187.00553352000006
9.655 1.0018966952312662 187.5910692799997
9.665000000000001 1.0012510321388577 188.17744045999964
9.675 1.0017596474640524 188.7653241400017
9.685 1.0015261844857064 189.35428642000014
9.695 1.0020044568113142 189.94474740000013
9.705 1.0014493281585022 190.53609928000023
9.715 1.0014581131598996 191.1286756399989
9.725 1.0017413694236335 191.72264049999865
9.735 1.001678541285894 192.31779017999878
9.745000000000001 1.001933257262406 192.91431483999898
9.755 1.0019094284097962 193.51205017999916
9.765 1.001821837918328 194.11095927999892
9.775 1.0020638358999128 194.71124062000078
9.785 1.0019484793247413 195.31268153999778
9.795 1.002184190325767 195.9154941799995
9.805 1.0019489828194719 196.51939654000122
9.815 1.0017056986189208 197.12438441999728
9.825000000000001 1.002212862258718 197.73091263999893
9.835 1.0020306931756167 198.33856568000013
9.845 1.0021837352533534 198.94754804000092
9.855 1.0021379329293378 199.557740279999
9.865 1.0010559470345393 200.16851134000203
9.875 1.0018527777146073 200.78100844000107
9.885 1.0019568116924678 201.39481040000027
9.895 1.0013792478966161 202.00950034000078
9.905 1.0015082170661151 202.6255126599995
9.915000000000001 1.0011898652234665 203.24257323999916
9.925 1.001409842006729 203.86101500000018
9.935 1.0018842026359895 204.4809971599998
9.945 1.0016599916478506 205.10208900000114
9.955 1.0023391027961015 205.72485245999968
9.965 1.0014438536486687 206.34831035999918
9.975 1.0010324408305173 206.97276354000016
9.985 1.0009237410603278 207.59840143999713
9.995000000000001 1.001420867875393 208.2256044800005
10.005 1.001498243958593 208.85411173999987
