0.005 0.561324
0.015 1.00054
0.025 1.23398
0.035 1.42662
0.045 1.5377
0.055 1.65021
0.065 1.71243
0.075 1.76685
0.085 1.82319
0.095 1.84457
0.105 1.86609
0.115 1.88893
0.125 1.87816
0.135 1.88761
0.145 1.88936
0.155 1.87182
0.165 1.84526
0.175 1.83887
0.185 1.81878
0.195 1.80889
0.205 1.77112
0.215 1.74736
0.225 1.71624
0.235 1.69045
0.245 1.67125
0.255 1.62468
0.265 1.59593
0.275 1.56493
0.285 1.52532
0.295 1.50202
0.305 1.47394
0.315 1.43545
0.325 1.39828
0.335 1.36346
0.345 1.32982
0.355 1.30199
0.365 1.26433
0.375 1.23593
0.385 1.20736
0.395 1.16658
0.405 1.14875
0.415 1.11313
0.425 1.08204
0.435 1.04946
0.445 1.0306
0.455 0.988213
0.465 0.971907
0.475 0.937345
0.485 0.914189
0.495 0.892925
0.505 0.867506
0.515 0.850339
0.525 0.810362
0.535 0.794542
0.545 0.771301
0.555 0.752043
0.565 0.717739
0.575 0.705846
0.585 0.676787
0.595 0.66455
0.605 0.64062
0.615 0.612392
0.625 0.60133
0.635 0.58703
0.645 0.569549
0.655 0.549918
0.665 0.530402
0.675 0.515557
0.685 0.50226
0.695 0.482285
0.705 0.47406
0.715 0.459789
0.725 0.441505
0.735 0.428781
0.745 0.418492
0.755 0.396225
0.765 0.382584
0.775 0.371407
0.785 0.359658
0.795 0.357938
0.805 0.33825
0.815 0.330025
0.825 0.320654
0.835 0.304921
0.845 0.299304
0.855 0.288557
0.865 0.279014
0.875 0.270445
0.885 0.262135
0.895 0.251617
0.905 0.247863
0.915 0.23597
0.925 0.230181
0.935 0.221469
0.945 0.212843
0.955 0.201265
0.965 0.197052
0.975 0.194788
0.985 0.187681
0.995 0.178023
1.005 0.175301
1.015 0.166274
1.025 0.166188
1.035 0.156243
1.045 0.153177
1.055 0.145898
1.065 0.140653
1.075 0.139278
1.085 0.132171
1.095 0.124462
1.105 0.127671
1.115 0.115606
1.125 0.116237
1.135 0.113629
1.145 0.104401
1.155 0.104372
1.165 0.102022
1.175 0.0959469
1.185 0.0967207
1.195 0.0926512
1.205 0.0871489
1.215 0.0835953
1.225 0.0810448
1.235 0.0786375
1.245 0.0760869
1.255 0.0751412
1.265 0.0718455
1.275 0.0675755
1.285 0.064939
1.295 0.0651109
1.305 0.0637067
1.315 0.0622738
1.325 0.059494
1.335 0.0564849
1.345 0.0539343
1.355 0.050524
1.365 0.0488045
1.375 0.0500082
1.385 0.0457381
1.395 0.0443912
1.405 0.0440187
1.415 0.0405797
1.425 0.0408663
1.435 0.0401498
1.445 0.0365389
1.455 0.0355645
1.465 0.0343609
1.475 0.0365389
1.485 0.0334439
1.495 0.030664
1.505 0.0318963
1.515 0.0284001
1.525 0.0285147
1.535 0.0271678
1.545 0.0267092
1.555 0.0247891
1.565 0.0239294
1.575 0.0227544
1.585 0.0227258
1.595 0.0222959
1.605 0.0224392
1.615 0.0210063
1.625 0.019688
1.635 0.0193728
1.645 0.0190289
1.655 0.0191722
1.665 0.0182838
1.675 0.0177106
1.685 0.0163064
1.695 0.0151314
1.705 0.0158479
1.715 0.0138991
1.725 0.0144436
1.735 0.0132686
1.745 0.0126668
1.755 0.0129821
1.765 0.0117784
1.775 0.0111766
1.785 0.0113772
1.795 0.011148
1.805 0.0106894
1.815 0.00974371
1.825 0.00982969
1.835 0.00942847
1.845 0.00937116
1.855 0.00811021
1.865 0.00808155
1.875 0.00747973
1.885 0.00894129
1.895 0.00725047
1.905 0.00710718
1.915 0.00630475
1.925 0.00690657
1.935 0.00664865
1.945 0.00604683
1.955 0.00555965
1.965 0.00584623
1.975 0.00581757
1.985 0.00524441
1.995 0.00495783
2.005 0.00467125
2.015 0.00495783
2.025 0.00512978
2.035 0.00541636
2.045 0.0044993
2.055 0.00398346
2.065 0.00386883
2.075 0.00372554
2.085 0.00378285
2.095 0.00318104
2.105 0.00363956
2.115 0.00358225
2.125 0.00326701
2.135 0.00346762
2.145 0.00257922
2.155 0.00277982
2.165 0.00309506
2.175 0.00255056
2.185 0.0025219
2.195 0.0023213
2.205 0.00223532
2.215 0.0023213
2.225 0.00203472
2.235 0.00209203
2.245 0.00226398
2.255 0.00149021
2.265 0.00186277
2.275 0.00166216
2.285 0.00200606
2.295 0.00223532
2.305 0.00166216
2.315 0.00151887
2.325 0.00180545
2.335 0.00134692
2.345 0.00149021
2.355 0.00157619
2.365 0.00117498
2.375 0.00111766
2.385 0.00120363
2.395 0.00123229
2.405 0.00114632
2.415 0.000888397
2.425 0.000917055
2.435 0.000601817
2.445 0.000802423
2.455 0.00114632
2.465 0.000859739
2.475 0.00100303
2.485 0.001089
2.495 0.000659133
