0.005 0.0 0.0
0.015 0.0 0.0
0.025 0.0 0.0
0.035 0.0 0.0
0.045 0.0 0.0
0.055 0.0 0.0
0.065 0.0 0.0
0.075 0.0 0.0
0.085 0.0 0.0
0.095 0.0 0.0
0.105 0.0 0.0
0.115 0.0 0.0
0.125 0.0 0.0
0.135 0.0 0.0
0.145 0.0 0.0
0.155 0.0 0.0
0.165 0.0 0.0
0.17500000000000002 0.0 0.0
0.185 0.0 0.0
0.195 0.0 0.0
0.20500000000000002 0.0 0.0
0.215 0.0 0.0
0.225 0.0 0.0
0.23500000000000001 0.0 0.0
0.245 0.0 0.0
0.255 0.0 0.0
0.265 0.0 0.0
0.275 0.0 0.0
0.28500000000000003 0.0 0.0
0.295 0.0 0.0
0.305 0.0 0.0
0.315 0.0 0.0
0.325 0.0 0.0
0.335 0.0 0.0
0.34500000000000003 0.0 0.0
0.355 0.0 0.0
0.365 0.0 0.0
0.375 0.0 0.0
0.385 0.0 0.0
0.395 0.0 0.0
0.405 0.0 0.0
0.41500000000000004 0.0 0.0
0.425 0.0 0.0
0.435 0.0 0.0
0.445 0.0 0.0
0.455 0.0 0.0
0.465 0.0 0.0
0.47500000000000003 0.0 0.0
0.485 0.0 0.0
0.495 0.0 0.0
0.505 0.0 0.0
0.515 0.0 0.0
0.525 0.0 0.0
0.535 0.0 0.0
0.545 0.0 0.0
0.555 0.0 0.0
0.5650000000000001 0.0 0.0
0.5750000000000001 0.0 0.0
0.585 0.0 0.0
0.595 0.0 0.0
0.605 0.0 0.0
0.615 0.0 0.0
0.625 0.0 0.0
0.635 0.0 0.0
0.645 0.0 0.0
0.655 0.0 0.0
0.665 0.0 0.0
0.675 0.0 0.0
0.685 0.0 0.0
0.6950000000000001 0.0 0.0
0.705 0.0 0.0
0.715 0.0 0.0
0.725 0.0 0.0
0.735 0.0 0.0
0.745 0.0 0.0
0.755 0.0 0.0
0.765 0.0 0.0
0.775 0.0 0.0
0.785 0.0 0.0
0.795 0.0 0.0
0.805 0.0 0.0
0.8150000000000001 0.0 0.0
0.8250000000000001 0.0 0.0
0.835 0.0 0.0
0.845 0.0 0.0
0.855 0.0 0.0
0.865 0.0 0.0
0.875 0.0 0.0
0.885 0.0 0.0
0.895 0.0 0.0
0.905 0.0 0.0
0.915 0.0 0.0
0.925 0.0 0.0
0.935 0.0 0.0
0.9450000000000001 0.0 0.0
0.9550000000000001 0.0 0.0
0.965 0.0 0.0
0.975 0.0 0.0
0.985 0.0 0.0
0.995 0.0 0.0
1.0050000000000001 0.0 0.0
1.0150000000000001 0.0 0.0
1.025 0.0 0.0
1.035 0.0 0.0
1.045 0.0 0.0
1.055 0.0 0.0
1.065 0.0 0.0
1.075 0.0 0.0
1.085 0.0 0.0
1.095 0.0 0.0
1.105 0.0 0.0
1.115 0.0 0.0
1.125 0.0 0.0
1.135 0.0 0.0
1.145 0.0 0.0
1.155 0.0 0.0
1.165 0.0 0.0
1.175 0.0 0.0
1.185 0.0 0.0
1.195 0.0 0.0
1.205 0.0 0.0
1.215 0.0 0.0
1.225 0.0 0.0
1.235 0.0 0.0
1.245 0.0 0.0
1.2550000000000001 0.0 0.0
1.2650000000000001 0.0 0.0
1.2750000000000001 0.0 0.0
1.285 0.0 0.0
1.295 0.0 0.0
1.305 0.0 0.0
1.315 0.0 0.0
1.325 0.0 0.0
1.335 0.0 0.0
1.345 0.0 0.0
1.355 0.0 0.0
1.365 0.0 0.0
1.375 0.0 0.0
1.385 0.0 0.0
1.395 0.0 0.0
1.405 0.0 0.0
1.415 0.0 0.0
1.425 0.0 0.0
1.435 0.0 0.0
1.445 0.0 0.0
1.455 0.0 0.0
1.465 0.0 0.0
1.475 0.0 0.0
1.485 0.0 0.0
1.495 0.0 0.0
1.5050000000000001 0.0 0.0
1.5150000000000001 5.559519528481901e-6 8e-8
1.5250000000000001 5.486847112222833e-6 1.6e-7
1.5350000000000001 5.4155903655930586e-6 2.4000000000000003e-7
1.545 0.0 2.4000000000000003e-7
1.555 5.277178921887982e-6 3.2e-7
1.565 0.0 3.2e-7
1.575 2.5720033605173063e-6 3.6000000000000005e-7
1.585 2.539651546251529e-6 4.000000000000001e-7
1.595 0.0 4.000000000000001e-7
1.605 2.476752605250167e-6 4.4000000000000013e-7
1.615 1.467705482022358e-5 6.800000000000004e-7
1.625 2.6577779307359875e-5 1.1200000000000007e-6
1.635 1.432018041221037e-5 1.360000000000001e-6
1.645 6.130195329257833e-5 2.400000000000002e-6
1.655 9.783315962597734e-5 4.080000000000003e-6
1.665 8.515419540436182e-5 5.560000000000004e-6
1.675 0.0001250736672022794 7.760000000000007e-6
1.685 0.00015730084724800824 1.0560000000000007e-5
1.695 0.00018209888831873162 1.3840000000000011e-5
1.705 0.00023922721986229916 1.8200000000000015e-5
1.715 0.00035141447159340005 2.4680000000000018e-5
1.725 0.0004952981110793646 3.392000000000003e-5
1.735 0.0005659071847038768 4.4599999999999526e-5
1.745 0.0006034406236260785 5.6119999999998284e-5
1.7550000000000001 0.0008244451401863847 7.203999999999663e-5
1.7650000000000001 0.001069089412682499 9.29199999999945e-5
1.7750000000000001 0.0013122338886356053 0.00011883999999999156
1.7850000000000001 0.0016760307723672416 0.00015231999999998778
1.795 0.002182155385637935 0.00019639999999999802
1.805 0.0027416159576930826 0.0002524000000000134
1.815 0.0032266714514437027 0.00031904000000003056
1.825 0.0037526816074135096 0.0003973999999999962
1.835 0.004916977909006098 0.0005011999999999576
1.845 0.005791602969876521 0.0006247999999999325
1.855 0.007009619913838082 0.0007760200000000373
1.865 0.00882033366669107 0.0009683600000001487
1.875 0.010767252102571323 0.001205680000000211
1.885 0.012581791870605354 0.001485960000000055
1.895 0.015350708080921784 0.0018315599999998743
1.905 0.017964248247984056 0.002240279999999834
1.915 0.02139065565204611 0.002732079999999925
1.925 0.025346834307293977 0.0033209400000001393
1.935 0.030074007569919826 0.004026900000000246
1.945 0.03586067649654295 0.004877420000000205
1.955 0.042379865389416634 0.005892919999999617
1.965 0.04940347075549023 0.007088859999998531
1.975 0.05796285916189994 0.008506319999997708
1.985 0.06776938917920466 0.010180419999997341
1.995 0.07882763890604001 0.012147359999996813
2.005 0.09139001319359032 0.014450679999996508
2.015 0.10407295110181786 0.017099879999997104
2.025 0.12076314827946856 0.02020451999999797
2.035 0.13721812418495588 0.023767119999997092
2.045 0.15709241662665813 0.02788589999999708
2.055 0.17811004243519735 0.03260151999999905
2.065 0.2034107754172722 0.038039540000000927
2.075 0.22974889382708194 0.04424131999999906
2.085 0.26046744289876056 0.051340239999996554
2.095 0.29357842652483124 0.05941851999999552
2.105 0.32885198647401037 0.06855399999999674
2.115 0.36797540644674415 0.07887367999999903
2.125 0.4101580618155722 0.09048537999999824
2.1350000000000002 0.4559479973017591 0.10351517999999825
2.145 0.506195165812891 0.11811673999999935
2.1550000000000002 0.5601845808659436 0.13442668000000604
2.165 0.6173966218961584 0.15256958000000745
2.1750000000000003 0.6796198773318787 0.1727259000000034
2.185 0.7454723751819201 0.1950390599999997
2.195 0.8125332913618706 0.2195825799999949
2.205 0.8823855996762434 0.24647948000000153
2.215 0.9565159218491867 0.2759010800000139
2.225 1.0364870367764303 0.30807104000000696
2.235 1.1196442174710572 0.3431350599999926
2.245 1.2043441491505793 0.3811898999999978
2.255 1.2908183698657336 0.4223413199999816
2.265 1.3778018737620799 0.4666562199999753
2.275 1.464963049593095 0.5141915000000163
2.285 1.558943935128406 0.5652219600000453
2.295 1.6541868022383943 0.6198450799999959
2.305 1.747873076873913 0.6780658999999559
2.315 1.8368179873385009 0.7397814599999893
2.325 1.9292441597381131 0.8051636800000181
2.335 2.016564505921035 0.87409434
2.345 2.1015040403132024 0.9465450200000004
2.355 2.1812683124028336 1.0223883599999954
2.365 2.263505562921701 1.1017609200000038
2.375 2.3376957358820483 1.1844297400000086
2.3850000000000002 2.410717759040233 1.2704002799999852
2.395 2.4689662724470063 1.3591879599999879
2.4050000000000002 2.523533278469343 1.4506973600000304
2.415 2.5703678196668998 1.5446818199999746
2.4250000000000003 2.6112788812827197 1.6409545400000156
2.435 2.6396427456525533 1.7390772600000304
2.445 2.662063233034529 1.8388478599999483
2.455 2.672841143087516 1.9398435000000378
2.465 2.673571707360366 2.0416914199999696
2.475 2.6659915843154534 2.1440762600000296
2.485 2.6542415509804083 2.2468352200000057
2.495 2.627901551938029 2.349394899999988
2.505 2.592049402794817 2.4513679000000472
2.515 2.5424516377610074 2.5521898599999453
2.525 2.490825258009973 2.6517516000000274
2.535 2.4303782011719366 2.749668180000006
2.545 2.3547264111720843 2.845286799999974
2.555 2.279684741605064 2.9385871000000616
2.565 2.1907258133241294 3.028949799999967
2.575 2.098139638564119 3.116169639999994
2.585 2.0078654294440588 3.200286320000102
2.595 1.9105777554372225 3.280947739999935
2.605 1.8145921495685973 3.358148379999933
2.615 1.7156649552392864 3.4317017000000996
2.625 1.6232618886646804 3.5018268199999785
2.6350000000000002 1.5345416322529157 3.56862525999991
2.645 1.4474251209112026 3.632110659999979
2.6550000000000002 1.3649303543696438 3.692431300000093
2.665 1.288543253525323 3.7498059199999982
2.6750000000000003 1.2149669177697637 3.804311179999908
2.685 1.1469717126054746 3.8561514999998616
2.695 1.0840808456083482 3.905514960000092
2.705 1.028964962373222 3.9527170800000704
2.715 0.9759263558017024 3.997817759999979
2.725 0.9277918765505008 4.041010419999912
2.735 0.8827994196163123 4.0824106799998345
2.745 0.8468190499243962 4.122414519999951
2.755 0.8120291062607315 4.161054880000132
2.765 0.7807904697630295 4.19847896000012
2.775 0.7530420467253081 4.234834579999964
2.785 0.7323449854307786 4.270446260000002
2.795 0.7115747625434833 4.305296879999938
2.805 0.695387469333638 4.339598839999802
2.815 0.6838723542541626 4.373573739999995
2.825 0.6741054867671591 4.40730178000015
2.835 0.6660384874848475 4.440862540000112
2.845 0.662382983486029 4.4744749799999886
2.855 0.6589802578299322 4.508150239999983
2.865 0.6601882353415279 4.5421239799999755
2.875 0.6635915639917569 4.576511659999824
2.8850000000000002 0.6669579869842845 4.611314639999957
2.895 0.6721097342163908 4.6466300000001315
2.9050000000000002 0.6801933271164986 4.682617440000157
2.915 0.6891561382034257 4.719330540000086
2.9250000000000003 0.6993051075737815 4.756840340000034
2.935 0.7082478917555353 4.795090019999936
2.945 0.720111332025435 4.834245859999882
2.955 0.7318928555234488 4.874313040000005
2.965 0.7414044592830915 4.915176100000144
2.975 0.7529063620816131 4.956953480000077
2.985 0.763710737367358 4.999615740000011
2.995 0.773289838525712 5.043103019999911
3.005 0.7808548356714416 5.087309459999822
3.015 0.7903085764331976 5.132349380000018
3.025 0.7967342197465879 5.1780572000000955
3.035 0.8034062143749102 5.224453020000028
3.045 0.8081094266295676 5.2714284799999716
3.055 0.8127694907600752 5.318985659999879
3.065 0.8157647735189473 5.367031099999967
3.075 0.8192252105003202 5.415595700000177
3.085 0.8234767725880522 5.464730359999978
3.095 0.8275081734198024 5.5144261800000205
3.105 0.8299902496271416 5.564593679999942
3.115 0.8348767041788725 5.615382099999988
3.125 0.8381705979695128 5.666698800000068
3.1350000000000002 0.8419303963120208 5.718576120000015
3.145 0.8453436170142233 5.77099657999992
3.1550000000000002 0.8489293868388813 5.823974700000019
3.165 0.8538771905317257 5.877599919999969
3.1750000000000003 0.8554006359613906 5.931660820000032
3.185 0.860057728400122 5.98635898000003
3.1950000000000003 0.8633232491024456 6.0416101399999835
3.205 0.8666745013482638 6.097423520000072
3.215 0.8709559687103815 6.1538631799999886
3.225 0.8742423701812047 6.21086877999994
3.235 0.8769128040135817 6.268403660000081
3.245 0.8813166410735241 6.326585520000005
3.255 0.8854406300357895 6.385400459999968
3.265 0.8892052687148083 6.444828939999965
3.275 0.8924565864348873 6.504840639999958
3.285 0.8950659766550472 6.5653959200000545
3.295 0.8986556952784501 6.626564779999966
3.305 0.9016573222718587 6.688311039999889
3.315 0.9053098101772272 6.750683159999981
3.325 0.9076209529650207 6.813592340000106
3.335 0.9119010533697727 6.877178939999952
3.345 0.9138794224418139 6.941286219999884
3.355 0.9190092595230067 7.006139379999956
3.365 0.9229776866742236 7.071661440000053
3.375 0.9252020740293341 7.137732360000047
3.3850000000000002 0.9267543389380765 7.204306899999942
3.395 0.9299749973612738 7.271508100000069
3.4050000000000002 0.9333394478852219 7.339350320000104
3.415 0.936936638377137 7.40785461999997
3.4250000000000003 0.940104488172427 7.476993679999974
3.435 0.9426356330940745 7.54672430000009
3.4450000000000003 0.9461631794782573 7.6171239799999615
3.455 0.9484339595381609 7.688102899999966
3.465 0.9552073955908635 7.760003139999975
3.475 0.9553615799659886 7.8323306600001645
3.485 0.9591944556284127 7.905366899999946
3.495 0.9612502243529851 7.9789803199998905
3.505 0.9641069939626155 8.053235620000017
3.515 0.9671907212081533 8.128154100000046
3.525 0.968481268248599 8.203599999999946
3.535 0.9721079881246143 8.27975870000008
3.545 0.9750174140781517 8.35657811999998
3.555 0.9772444333845687 8.434007999999967
3.565 0.9798834702036877 8.51208437999999
3.575 0.9803638308480694 8.590637880000118
3.585 0.9833710066459607 8.669873759999945
3.595 0.9854994935220945 8.749724759999966
3.605 0.9890478282316142 8.830309720000164
3.615 0.9911428727970699 8.911514019999892
3.625 0.9927632850363906 8.993301700000009
3.6350000000000002 0.9937712098513523 9.075624740000196
3.645 0.9957796112433861 9.158568639999947
3.6550000000000002 0.9967506251405382 9.242049599999838
3.665 0.9992019522882748 9.326194420000116
3.6750000000000003 1.0003588063983277 9.41089699999992
3.685 1.0010669484107757 9.496121460000023
3.6950000000000003 1.00235701250312 9.581919520000184
3.705 1.003043868560546 9.668241719999935
3.715 1.0027114188713258 9.755001759999963
3.725 1.0049142914460134 9.842421140000143
3.735 1.0052031616215118 9.930335779999943
3.745 1.0079691463292386 10.018965019999937
3.755 1.0096464099284514 10.108216480000006
3.765 1.0100066357726907 10.197975959999878
3.775 1.0086457786883705 10.288091300000099
3.785 1.0089568077276718 10.37871263999995
3.795 1.0094217778832808 10.469855439999886
3.805 1.0106790024826557 10.56159332000007
3.815 1.009246946066566 10.653683359999867
3.825 1.0098250727073976 10.74630983999994
3.835 1.010004733472702 10.839437840000045
3.845 1.0095910077882209 10.933013799999985
3.855 1.008551252919983 11.026980260000006
3.865 1.0088654276715268 11.121464280000032
3.875 1.008435920036389 11.216397419999872
3.8850000000000002 1.0083375379526471 11.311811860000159
3.895 1.008072738646045 11.407692939999789
3.9050000000000002 1.0057706931934458 11.50384690000005
3.915 1.0068750853965946 11.600600080000051
3.9250000000000003 1.0067204004442982 11.697833220000012
3.935 1.0043657049647217 11.795333860000047
3.9450000000000003 1.0041377127649591 11.893308439999892
3.955 1.0020912181904882 11.991579659999964
3.9650000000000003 1.0013055786541294 12.090271020000124
3.975 1.0010863170705775 12.18943909999993
3.985 1.0020637600710052 12.289204080000044
3.995 1.0001192180674798 12.389275820000119
4.005 1.0009571971216211 12.489933440000009
4.015 0.9998613878403019 12.590983600000007
4.025 1.0001413003647095 12.692566180000004
4.035 0.9978681850600197 12.794422119999979
4.045 0.9966050990491141 12.896653979999932
4.055 0.9959617910943392 12.999325620000164
4.065 0.9963502249405344 13.102544520000071
4.075 0.9951565870262673 13.206147619999946
4.085 0.9946204973613154 13.310203739999976
4.095 0.9931944962322401 13.414620019999981
4.105 0.9937129071417452 13.519601660000086
4.115 0.9922027079034897 13.624935079999995
4.125 0.9916283579955725 13.730719800000067
4.135 0.9895394945766263 13.836794119999938
4.1450000000000005 0.9898761607070943 13.94341837999995
4.155 0.9892257983045827 14.05048734000012
4.165 0.9888367281732083 14.15802998000006
4.175 0.9884561362429916 14.266048059999854
4.1850000000000005 0.98840266504996 14.374578340000035
4.195 0.9890813378702278 14.483702779999902
4.205 0.9882184198436205 14.59325244000009
4.215 0.9875601176793093 14.703250439999776
4.225 0.9880909344837181 14.813830399999958
4.235 0.987871493226717 14.92490976000013
4.245 0.9864632412744422 15.036355219999788
4.255 0.9867123419748017 15.148354640000061
4.265 0.9863388375682731 15.260838520000036
4.275 0.9879280506566162 15.374032580000133
4.285 0.9872671227432845 15.48768074000001
4.295 0.9874458903449094 15.601880640000047
4.305 0.9864222350613544 15.716494000000143
4.315 0.9875675615815276 15.831774139999904
4.325 0.9891791703640814 15.947778219999975
4.335 0.9892914219334389 16.06433257999983
4.345 0.9871895634011821 16.181176520000054
4.355 0.9892652399535944 16.29880571999997
4.365 0.9896595147946061 16.41702283999999
4.375 0.9910506832910535 16.535949180000113
4.385 0.9913064757187363 16.655450639999923
4.3950000000000005 0.9928311025700057 16.77568239999997
4.405 0.9937607083768946 16.89657499999999
4.415 0.9950273476851031 17.0181718999998
4.425 0.9948175140780977 17.140294500000053
4.4350000000000005 0.9968439624505002 17.263219579999912
4.445 0.9973290997760904 17.386759720000054
4.455 0.9973888432755748 17.510863780000083
4.465 0.9989377086091294 17.635719199999894
4.4750000000000005 0.9993702990685663 17.761188819999884
4.485 1.0004228339345465 17.887352560000004
4.495 1.0031647665630028 18.014426859999865
4.505 1.0042440729843503 18.142204520000018
4.515 1.0051409226955421 18.27066470000011
4.525 1.0069693319549788 18.399929259999922
4.535 1.0085055275066763 18.529963859999963
4.545 1.00841268891584 18.660560539999985
4.555 1.009931205694986 18.79193005999972
4.565 1.0110192506608517 18.924019179999974
4.575 1.0116882113333376 19.0567754199999
4.585 1.0134869718980115 19.190349720000114
4.595 1.015024506951447 19.324710839999767
4.605 1.0164661824139305 19.459849079999817
4.615 1.0177466965522033 19.595745860000022
4.625 1.0185599838671273 19.73234128000002
4.635 1.0198975949141627 19.86970817999984
4.6450000000000005 1.02006883462941 20.007691620000045
4.655 1.0206717321047296 20.146351719999938
4.665 1.0204865420668046 20.28558293999989
4.675 1.0200496917091917 20.4253518600002
4.6850000000000005 1.0212645790350061 20.565886539999916
4.695 1.0213267032755557 20.707030379999928
4.705 1.021341028956145 20.84877810000006
4.715 1.0212791757655884 20.99112038000013
4.7250000000000005 1.021788398864149 21.13413835999983
4.735 1.0212108043286756 21.277681159999787
4.745 1.0221529879188869 21.421963899999955
4.755 1.022300802909445 21.56687637999996
4.765 1.0204630769182144 21.712137420000296
4.775 1.0193734393935026 21.857853039999767
4.785 1.0189091544515962 22.004112980000347
4.795 1.0184769170730008 22.15092257999989
4.805 1.0175656592289961 22.298213259999578
4.815 1.01599298367046 22.445889060000326
4.825 1.0156486617142553 22.594128640000015
4.835 1.0136160560718526 22.742685420000146
4.845 1.0120903102669432 22.891632800000057
4.855 1.0107238915751884 23.040993739999784
4.865 1.0103513450819528 23.190915320000286
4.875 1.0085389477648325 23.341183819999763
4.885 1.0072334154985458 23.491874120000183
4.8950000000000005 1.004052359076065 23.642704140000042
4.905 1.0029688564897103 23.79398762000018
4.915 1.0024194870071175 23.94580538000005
4.925 1.0018524953000985 24.098155320000078
4.9350000000000005 1.0011546738163108 24.251018020000156
4.945 0.9993708418662067 24.404227379999995
4.955 0.996340044618752 24.55759049999983
4.965 0.9956838869175829 24.711471859999865
4.9750000000000005 0.9937605417853171 24.865675260000067
4.985 0.9936685241245107 25.02048485999983
4.995 0.991043284436803 25.17550554000007
5.005 0.9911415690122696 25.331162980000244
5.015 0.9903687926629042 25.48732120000023
5.025 0.9878410011782486 25.643702640000225
5.035 0.9871469349020923 25.800596799999855
5.045 0.9864858236854323 25.95800930000008
5.055 0.9846089952174213 26.11574577999984
5.065 0.9844267101341442 26.27407764000003
5.075 0.9846966212952576 26.433078899999828
5.085 0.9834890219179063 26.592511620000092
5.095 0.9829601839936063 26.75248596000011
5.105 0.981769868648011 26.91289440000034
5.115 0.9811507544553263 27.073830340000054
5.125 0.9803042997759177 27.23525678000006
5.135 0.9810704149343304 27.397440440000185
5.1450000000000005 0.9805616449674709 27.560171959999884
5.155 0.9807130479432172 27.723561899999993
5.165 0.9809355693802468 27.88762358000026
5.175 0.9815860983143974 28.05243037999996
5.1850000000000005 0.981521964112012 28.217863919999747
5.195 0.9825988117068988 28.384118399999814
5.205 0.9823435783508205 28.55097020000019
5.215 0.9837064968702 28.718696120000292
5.2250000000000005 0.9841355685741017 28.88713933999997
5.235 0.986078273014519 29.056561720000055
5.245 0.9867727306567916 29.226751759999942
5.255 0.9876376343862089 29.3977411200003
5.265 0.9887879518769779 29.569581779999613
5.275 0.9896898392780515 29.742233159999813
5.285 0.9901094411120451 29.915613239999818
5.295 0.9922971089626941 30.090034599999875
5.305 0.9928157147474704 30.265206899999644
5.315 0.9934805902013452 30.441157980000177
5.325 0.9949888349779654 30.618039899999808
5.335 0.9965819162749958 30.795871060000366
5.345 0.9970317883249881 30.974450080000057
5.355 0.9981330446672769 31.153895919999865
5.365 0.9980861362539829 31.334004120000376
5.375 1.0001684070942936 31.515161519999957
5.385 1.0015696008389539 31.697248360000042
5.3950000000000005 1.0022265483631543 31.880131979999888
5.405 1.003207891663351 32.06387394000006
5.415 1.003928845817146 32.24842896000014
5.425 1.0044478740702723 32.43376202000033
5.4350000000000005 1.0058680930808617 32.62004198000049
5.445 1.0066629631348323 32.807155800000025
5.455 1.0074922051605115 32.99511223999987
5.465 1.0097863984262287 33.18418799999997
5.4750000000000005 1.0105458098201607 33.37409905999964
5.485 1.0113489620024598 33.564855979999635
5.495 1.0110756863406 33.7562573600003
5.505 1.0113491049297532 33.948407960000026
5.515 1.013596113425049 34.141685760000115
5.525 1.0128504032668415 34.33552239999991
5.535 1.0147974674727935 34.530435320000315
5.545 1.0152710564918617 34.72614445999991
5.555 1.0150632091192142 34.92251992000027
5.565 1.0161080332271315 35.11980590000027
5.575 1.015576868842572 35.317698039999904
5.585 1.01609475754411 35.51640201999991
5.595 1.0174415604176124 35.71608252000027
5.605 1.0178123996849113 35.91655048000026
5.615 1.017475987613726 36.11766789999994
5.625 1.0178203208566603 36.31957061999961
5.635 1.0183781331228292 36.52230290000001
5.6450000000000005 1.0178195963330348 36.72564378000022
5.655 1.0191846257558985 36.929979399999944
5.665 1.018367071134155 37.13487383999989
5.675 1.019117465691556 37.340643800000386
5.6850000000000005 1.019046105215858 37.547125120000295
5.695 1.0195957081405664 37.75444523999993
5.705 1.019701090376729 37.962515580000165
5.715 1.0195322607306407 38.171281420000284
5.7250000000000005 1.0192756556366342 38.38072575999996
5.735 1.0195492605585885 38.59095884000008
5.745 1.019495341169418 38.801914559999844
5.755 1.0196156603110214 39.013630299999896
5.765 1.0199750210183585 39.226157320000254
5.775 1.019492831215278 39.43932145999995
5.785 1.019761404628925 39.653280819999935
5.795 1.0186753212812856 39.86775185999993
5.805 1.0189781054731892 40.083027700000294
5.815 1.0185711629237204 40.29895959999985
5.825 1.0186590208363357 40.51565350000008
5.835 1.018249700050197 40.73300468000012
5.845 1.0175724939123978 40.950956439999736
5.855 1.0177700106734742 41.16969705999978
5.865 1.0168548947683838 41.38898815999973
5.875 1.0170875599103486 41.60907804000007
5.885 1.0169863317865286 41.829895819999486
5.8950000000000005 1.0171536800207903 42.05150114000007
5.905 1.0154795447621512 42.27349295999982
5.915 1.0153133532625684 42.49620084000043
5.925 1.0151293211487982 42.719621879999984
5.9350000000000005 1.0148926731951065 42.94374546000036
5.945 1.0148535148560776 43.16861625999992
5.955 1.013679381065156 43.39398315999996
5.965 1.0138789790739975 43.62015212000021
5.9750000000000005 1.013501734126492 43.8469955999996
5.985 1.0132815637740862 44.07454957999956
5.995 1.0130285512317605 44.30280760000013
6.005 1.0125750304876622 44.53172521999999
6.015000000000001 1.0121604524744634 44.761311859999914
6.025 1.0122842106002203 44.99169068000047
6.035 1.0114240980540514 45.22263847999948
6.045 1.0109197023879601 45.45423672000003
6.055 1.010576960958333 45.68652306000001
6.065 1.0105370328172207 45.91956807999986
6.075 1.0093378391698993 46.153104759999856
6.085 1.0085185969107018 46.38722073999966
6.095 1.0080842613568135 46.62200568000003
6.105 1.0091441030232517 46.85780931999985
6.115 1.008470537700339 47.09422817999933
6.125 1.0070203089658192 47.33107982000043
6.135 1.0066506661443788 47.568618259999866
6.1450000000000005 1.0060575978372674 47.806791299999745
6.155 1.0057961889060696 48.04567806000056
6.165 1.0046968768181719 48.28507974000073
6.175 1.0047183048389279 48.52526381999944
6.1850000000000005 1.00451118455079 48.76617677999986
6.195 1.0029031988804296 49.007482500000435
6.205 1.0027973827147254 49.24954233999995
6.215 1.0028934438720318 49.49240628000035
6.2250000000000005 1.0024451504486962 49.73594348000021
6.235 1.002384027541377 49.98024886000033
6.245 1.0016529791849844 50.22515978000025
6.255 1.0020618405227086 50.47095596000034
6.265000000000001 1.0014992197608397 50.71740024000015
6.275 1.0010464912900394 50.96452012000072
6.285 1.0005753384757632 51.21231157999991
6.295 1.0000573650461195 51.460763499999665
6.305 0.9997907431360377 51.70993895999983
6.315 1.0000859507513564 51.95997926
6.325 0.9995357358336254 52.210674079999734
6.335 0.9994972732508369 52.46215255999956
6.345 0.9989240555824106 52.7142809199998
6.355 0.9987719326328935 52.96716612000028
6.365 0.9984754363483379 53.22077249999994
6.375 0.9980878906041044 53.47507764000007
6.385 0.997686135065566 53.73007854000017
6.3950000000000005 0.9969675708930184 53.98569458000022
6.405 0.997494135999186 54.24224609999999
6.415 0.99880707194077 54.499938080000604
6.425 0.997180167897448 54.758013040000314
6.4350000000000005 0.9973026927995406 55.01692377999988
6.445 0.9972207459624921 55.27661849999999
6.455 0.9964662890641445 55.53692264000069
6.465 0.9961872295982319 55.79796079999993
6.4750000000000005 0.9954113186561685 56.05960317999985
6.485 0.9958336575563533 56.32216570000028
6.495 0.9956138350702787 56.585480460000255
6.505 0.9952740293284005 56.84951652000002
6.515000000000001 0.9955323548498504 57.11443374000005
6.525 0.9950108680276765 57.38002564000024
6.535 0.9958281519457369 57.646651059999776
6.545 0.9955258152902552 57.91401190000048
6.555 0.994059295345965 58.18179529999982
6.565 0.9939709976096566 58.45037249999986
6.575 0.9936629421510775 58.71968503999934
6.585 0.9922501144546514 58.98943331999977
6.595 0.9938969337446556 59.260450559999526
6.605 0.9938954348489554 59.53228989999993
6.615 0.9936979595293015 59.8048988200001
6.625 0.9941978098321513 60.07847011999986
6.635 0.9940725965407237 60.35283336000013
6.6450000000000005 0.9945695007605364 60.62816180000015
6.655 0.994049732011347 60.90417521999974
6.665 0.9940414199166401 61.18101643999995
6.675 0.9942144926003711 61.458737359999816
6.6850000000000005 0.9942704371262955 61.73730670000025
6.695 0.9945643756477102 62.016792679999575
6.705 0.9948761937702454 62.297202080000446
6.715 0.9946981135801068 62.57839818000028
6.7250000000000005 0.994918825926581 62.86049500000013
6.735 0.9947995028902746 63.14339746000053
6.745 0.9943273871599646 63.42700597999943
6.755 0.9945141658234378 63.71150950000052
6.765000000000001 0.9939953016033785 63.99670711999984
6.775 0.993520131756662 64.28261178000055
6.785 0.9945540822749163 64.56965948000072
6.795 0.9946198997256238 64.85757298000046
6.805 0.9942651543230459 65.14623153999966
6.815 0.9942039711653207 65.43572128000021
6.825 0.9942474268610137 65.72607389999908
6.835 0.9947397863243096 66.01742220000011
6.845 0.9955199066736878 66.30985279999979
6.855 0.9953801956945484 66.60309729999985
6.865 0.995916001698997 66.89735629999993
6.875 0.9951326870614107 67.19224107999955
6.885 0.9950284763065541 67.48795335999948
6.8950000000000005 0.9953244360171032 67.78461348000003
6.905 0.995787732903546 68.08227322000019
6.915 0.9965157831125383 68.38101400000076
6.925 0.9966076446062881 68.68064706000006
6.9350000000000005 0.9961684364028028 68.9810136799997
6.945 0.9958805375864996 69.28216009999959
6.955 0.9964705968801749 69.58435332000046
6.965 0.9968673921271974 69.88753683999987
6.9750000000000005 0.9961151012121032 70.19136211999957
6.985 0.9974642078282019 70.49647188000033
6.995 0.9970618781736215 70.80233246000017
7.005 0.996725000307797 71.10896454000002
7.015000000000001 0.9969598287595774 71.41654516000011
7.025 0.9966534037217294 71.7249085199993
7.035 0.9974378960840266 72.03439382000008
7.045 0.9969065678850105 72.34459425999907
7.055 0.9974024846808746 72.6558307000006
7.065 0.9967673322499062 72.96775131999992
7.075 0.9968947713381116 73.28059555999998
7.085 0.9975472835478909 73.59453014000053
7.095 0.997684863919227 73.9093949600008
7.105 0.9980304923260479 74.2252573599998
7.115 0.9974736387288915 74.54183278000063
7.125 0.9975098754967328 74.85931024000023
7.135 0.99849823871918 75.17799494000019
7.1450000000000005 0.9982427684127978 75.49749180000012
7.155 0.9992353393350937 75.81820218000018
7.165 0.9990281911409244 76.13974297999987
7.175 0.9997499883172485 76.4624149000009
7.1850000000000005 0.9994164193560087 76.78587892000016
7.195 0.9998465062152248 77.11038353999987
7.205 0.9994656425641222 77.43566685999978
7.215 1.0005237821962947 77.76219907999952
7.2250000000000005 0.9995988012730136 78.08933435999947
7.235 0.999292708780049 78.41727538000023
7.245 0.9995353638649872 78.74620342000043
7.255 0.9995289987708018 79.07603799999927
7.265000000000001 0.9992282196128407 79.40668293999998
7.275 0.9988896933862709 79.73812641999976
7.285 0.9995598241679696 80.07070468000065
7.295 0.9998349241754814 80.40428840000006
7.305 0.999769101941642 80.73876527999987
7.315 1.0000760901656096 81.07426151999991
7.325 1.000538264638123 81.4108311399998
7.335 0.9996331308340555 81.74801504000018
7.345 0.999862177305092 82.0861964199997
7.355 0.999865023894006 82.42530024000013
7.365 0.9994946589512184 82.7652008400005
7.375 1.0004330192414779 83.10634506000034
7.385 1.00079186157823 83.44853774000072
7.3950000000000005 1.0024048453370742 83.7922107800002
7.405 1.001902069764699 84.1366410799992
7.415 1.0021092258885786 84.4820736799993
7.425 1.001197858985569 84.82812361999973
7.4350000000000005 1.000941376228964 85.17501742000071
7.445 1.0010407582255008 85.52287952000009
7.455 1.001638940508252 85.87188515999956
7.465 1.001671893166713 86.22183924000046
7.4750000000000005 1.002579400625563 86.57304944000091
7.485 1.0020470043929415 86.92501296000006
7.495 1.0016925348964858 87.2777927199998
7.505 1.0019487579439703 87.63160495999911
7.515000000000001 1.002060266192559 87.98640018000057
7.525 1.002282739029293 88.3422192400006
7.535 1.002230016510723 88.69896586000029
7.545 1.0019746674770207 89.05656888000055
7.555 1.0028322775565974 89.41542734000038
7.565 1.0025054653776748 89.77511916000014
7.575 1.0033247604296256 90.13605727999999
7.585 1.0024109604042708 90.4976194
7.595 1.0026752831567416 90.86023109999998
7.605 1.0030647015573482 91.22393949999926
7.615 1.0033147712741057 91.58869593999957
7.625 1.0029643156238421 91.95428325999984
7.635 1.002808496454884 92.32077318000009
7.6450000000000005 1.0033482722628124 92.68842153999857
7.655 1.0039151781662283 93.05724059999984
7.665 1.0036936653553996 93.42694229999955
7.675 1.0033192354669958 93.79747100000061
7.6850000000000005 1.0032923467207173 94.1689559200002
7.695 1.0031495563100588 94.54135523999966
7.705 1.0027305071688364 94.91456712000071
7.715 1.0026794812204356 95.28872934000016
7.7250000000000005 1.0027749322545074 95.66389786000028
7.735 1.002899009630404 96.04008486000062
7.745 1.0026088605095842 96.41713606000127
7.755 1.0025454405853975 96.79513764000072
7.765000000000001 1.0024294467102126 97.1740708599995
7.775 1.0030159768222144 97.55420300000108
7.785 1.0031412501455261 97.9353612000011
7.795 1.0026193310580973 98.31730042000059
7.805000000000001 1.0030354712843592 98.70037916000024
7.815 1.003381326083345 99.08457258000027
7.825 1.0032471446957791 99.46969833999937
7.835 1.0034607910776328 99.85589130000126
7.845 1.0035732100464054 100.24311408000105
7.855 1.0042767451003878 100.63159681999926
7.865 1.0036625732159765 101.02083113999926
7.875 1.0034130943010793 101.41095888000044
7.885 1.0033185570603729 101.80204120000015
7.8950000000000005 1.0034646906644156 102.19417321999963
7.905 1.002981811343771 102.58711006
7.915 1.0038939288810445 102.98139991999923
7.925 1.0036371700612685 103.37658562000131
7.9350000000000005 1.0036223171452174 103.77276340000006
7.945 1.00302307335417 104.1697032199987
7.955 1.0028216118778728 104.56756296000044
7.965 1.0026234301514345 104.96634477999956
7.9750000000000005 1.0023551238457955 105.36602158000055
7.985 1.002844862863033 105.76689709999994
7.995 1.0026195297597862 106.16868701999961
8.005 1.0026642562319072 106.57150064000068
8.015 1.0030192837056484 106.97546428000045
8.025 1.0029657169129265 107.38041494000042
8.035 1.0033219983251798 107.7865196600005
8.045 1.0031658296908212 108.193572479999
8.055 1.0031255898091718 108.60162150000073
8.065 1.0021910217199546 109.01030320000073
8.075 1.0025482183194832 109.42014501999975
8.085 1.0026182099406642 109.83103123999975
8.095 1.0023490348124902 110.2428239199998
8.105 1.0018492613058299 110.65542879999961
8.115 1.0012557020770108 111.06880740000055
8.125 1.0014149062830464 111.48327132000016
8.135 1.0017492378868817 111.8988947999994
8.145 1.0014885053138087 112.31543228000062
8.155 1.0018953906745645 112.73316283999951
8.165000000000001 1.001163926842499 113.1516127799989
8.175 1.0016966580382134 113.57131154000105
8.185 1.0011215960428477 113.99179618000004
8.195 1.0018623340965302 114.41362078000019
8.205 1.0018727679628057 114.83647988000128
8.215 1.0019102931896728 115.26038622000189
8.225 1.001848901335572 115.68529918000054
8.235 1.0010279154128765 116.11089694000057
8.245000000000001 1.001183621684198 116.53759531999947
8.255 1.0010346260298797 116.96526571999912
8.265 1.0007403304653406 117.39384686000031
8.275 1.0009003435295236 117.82353442000088
8.285 1.000994392211305 118.25430159999985
8.295 1.0008147822170599 118.68603180000103
8.305 1.0007268857702203 119.11876556000152
8.315 1.0003528468306093 119.55237991999944
8.325 1.000132375006399 119.98694207999978
8.335 1.0003317553303017 120.42263569999946
8.345 1.0003449881491528 120.85938118000007
8.355 0.9997873843231978 121.29692998000048
8.365 1.0000548611240334 121.73564413999989
8.375 1.0004622956539744 122.17558702000039
8.385 0.999973634838885 122.61636574000086
8.395 1.0004712391278419 123.0584162999997
8.405 1.0008538681080579 123.5016900799998
8.415000000000001 1.000664853035261 123.94593535999985
8.425 1.0011516136575342 124.39145371999955
8.435 1.0008812529386737 124.83790972000021
8.445 1.0007273637947334 125.28535611999897
8.455 1.0000329139344084 125.73355158000079
8.465 0.9999162346800786 126.18275544000083
8.475 0.9999445552098406 126.63303399999931
8.485 1.0000666486928056 127.08443089999932
8.495000000000001 0.9997342339879746 127.53674202000067
8.505 1.0001753072835153 127.99031868000009
8.515 0.9999865579137834 128.44487677999948
8.525 0.9998577454088088 128.90044448000066
8.535 0.9993186472318714 129.35683537999947
8.545 0.9994635582083766 129.81436269999804
8.555 0.9990669709488299 130.27277954000053
8.565 0.9989809565258221 130.7322291400004
8.575000000000001 0.9991333235607864 131.1928224599995
8.585 0.9995565584593693 131.6546862399991
8.595 0.9996951216164701 132.11769079999812
8.605 0.999862696280905 132.5818511600003
8.615 0.9994228927378533 133.0468863200014
8.625 0.9993677439101634 133.51297598000042
8.635 1.0007409455791438 133.9807889800006
8.645 0.9994353969556014 134.44907441999956
8.655 0.9997393490324615 134.91858660000142
8.665000000000001 0.9998067843615073 135.38921610000202
8.675 0.9996389115241496 135.8608533000009
8.685 0.9994391326758715 136.33348400000062
8.695 0.9994212621982533 136.80719524000003
8.705 0.9993936792042417 137.28198361999955
8.715 1.0003436221023425 137.75831579999996
8.725 1.0003513352018727 138.2357454200004
8.735 1.0001553274766928 138.71417629999993
8.745000000000001 1.0002770890732005 139.1937616199996
8.755 1.000736045291638 139.6746649399999
8.765 1.000097763595003 140.15636003999896
8.775 0.9998546137391143 140.63903752000036
8.785 0.9996427161573463 141.12271321999953
8.795 1.0000521876614756 141.60768925999972
8.805 1.0001575427080027 142.09381998
8.815 0.9992384952477952 142.58060781999953
8.825000000000001 1.0002682240206455 143.06900351999832
8.835 0.9994941853809627 143.55812790000064
8.845 1.0003258415117409 144.04876806000095
8.855 1.0003619994100035 144.54053603999898
8.865 1.0001224228627932 145.0332973200006
8.875 1.000574360046585 145.52739410000018
8.885 1.000964226515733 146.02279792000172
8.895 1.0004773035531591 146.51907598000128
8.905 1.0000260467253135 147.01624617999875
8.915000000000001 1.000283423083279 147.51466185999908
8.925 1.000327641346299 148.0142184000008
8.935 1.0002788084939944 148.51487058000026
8.945 1.0004764008994893 149.01674316000134
8.955 0.9999219429124826 149.5194597399986
8.965 1.0005004375270716 150.02359120000028
8.975 1.0002520177851635 150.5287224999997
8.985 0.9998727718284144 151.0347881199998
8.995000000000001 1.000189623963637 151.54214155999998
9.005 1.000234775225987 152.05064665999893
9.015 1.0003830516430354 152.56035732000115
9.025 1.000385102487563 153.07120045999903
9.035 1.0009819435621066 153.58348173999937
9.045 1.0008187571457925 154.0968139400012
9.055 1.0003749256662313 154.61105368000003
9.065 1.0007018755835493 155.1265982999987
9.075000000000001 1.0007876999610583 155.64332529999936
9.085 1.0005583491392667 156.1610730400002
9.095 1.001006724701889 156.68019371999983
9.105 1.0004395575285066 157.2001618000003
9.115 0.9999791719297363 157.72103286000052
9.125 0.9994454537111914 158.24276881999944
9.135 0.9997155047200669 158.7657902200007
9.145 0.9997663518445391 159.2899839999993
9.155 0.9999994186440999 159.8154472800007
9.165000000000001 1.0003741286534644 160.34225643999966
9.175 1.0005187812112106 160.8702921799997
9.185 1.0005738777251765 161.39950872000026
9.195 1.000512193335953 161.9298455399997
9.205 1.0005264243849779 162.46134407999855
9.215 1.0008761953072134 162.99418425999772
9.225 1.0011202865378832 163.52831175999964
9.235 1.0005627875537677 164.06329979999845
9.245000000000001 1.001433902294977 164.59991386000038
9.255 1.0015485717966015 165.1377509999984
9.265 1.0017342193849628 165.67685094000046
9.275 1.0018206559234504 166.21716186000066
9.285 1.0019705582546379 166.75871951999957
9.295 1.0012906272699154 167.30107603999878
9.305 1.0018616541612764 167.84491014000062
9.315 1.001888244221798 168.38992824000115
9.325000000000001 1.0010397539868159 168.9356546000004
9.335 1.0008253299397611 169.4824349000002
9.345 1.0009049093581879 170.03043086000037
9.355 1.0015810527615332 170.57997123999965
9.365 1.001359851045432 171.13056548000077
9.375 1.0022384321938154 171.68282031999928
9.385 1.0017591618896822 172.2359892800009
9.395 1.0011119257104564 172.7899795399998
9.405 1.0007395225532998 173.34494324000053
9.415000000000001 1.001126302577739 173.90130265999974
9.425 1.001243654421582 174.45890992000042
9.435 1.0008678432877538 175.0174913199999
9.445 1.0015843176630879 175.57765811999928
9.455 1.0014334544903924 176.1389271599997
9.465 1.0018959998877943 176.70164386000206
9.475 1.0013472544589106 177.2652413800018
9.485 1.0008716761649825 177.82976094000173
9.495000000000001 1.0013877442784456 178.3957631599992
9.505 1.0013971389022027 178.96296354000137
9.515 1.0006942766908027 179.5309590799985
9.525 1.0013960719508492 180.10054831999952
9.535 1.000984669003041 180.6710996800011
9.545 1.0010829221978872 181.24290454000035
9.555 1.0009941148424035 181.81585731999985
9.565 1.0010446382273748 182.3900389799994
9.575000000000001 1.0013225930943528 182.9655816200008
9.585 1.0011248001584425 183.5422131400013
9.595 1.0008906933596362 184.11991336000037
9.605 1.0012511480160764 184.69902686000003
9.615 1.0006293929459338 185.27898647999837
9.625 1.001130646353351 185.86044421999918
9.635 1.0006375068324078 186.4428237999984
9.645 1.0012405914347335 187.0267646199998
9.655 1.0015190605661408 187.61207968000082
9.665000000000001 1.0011679433430678 188.19840220000154
9.675 1.000907710643249 188.78578592000306
9.685 1.00148142751218 189.3747218799996
9.695 1.0013126292548977 189.9647751800006
9.705 1.0014868559281014 190.55614922000063
9.715 1.001424684824225 191.14870579999976
9.725 1.0010870283292663 191.74228267999933
9.735 1.0015687378024491 192.33736712000075
9.745000000000001 1.0015057610166727 192.93363726000024
9.755 1.0013140172916273 193.53101737999944
9.765 1.001527100356585 194.12975028000022
9.775 1.0008701693326558 194.72931656000065
9.785 1.0010253633994668 195.33020336000266
9.795 1.0012434071503786 195.93245012000088
9.805 1.0013786754880856 196.5360087400013
9.815 1.0017612323085063 197.14103015999837
9.825000000000001 1.001751221365147 197.7472790000007
9.835 1.0016376332873163 198.35469367999875
9.845 1.0013468135395818 198.96316747999927
9.855 1.0015008725429524 199.57297181999886
9.865 1.0010622080281641 200.18374669999898
9.875 1.001062905066465 200.79576089999887
9.885 1.001667456369389 201.40938559999958
9.895 1.000603675365956 202.02359946000135
9.905 1.000351628273175 202.63890037999877
9.915000000000001 1.0002016888672474 203.25535192000174
9.925 1.0004916643002242 203.8732266399996
9.935 1.0009294764759482 204.49261799999857
9.945 0.9999855799059046 205.11267160000148
9.955 1.000883887558514 205.7345309199997
9.965 1.0001043822432039 206.35715491999935
9.975 1.0005039779048626 206.98127844000103
9.985 1.0007631806041133 207.6068159800005
9.995000000000001 1.0010132123640525 208.2337637000005
10.005 1.0002887476242281 208.86151192000088
