0.005 0.0 0.0
0.015 0.0 0.0
0.025 0.0 0.0
0.035 0.0 0.0
0.045 0.0 0.0
0.055 0.0 0.0
0.065 0.0 0.0
0.075 0.0 0.0
0.085 0.0 0.0
0.095 0.0 0.0
0.105 0.0 0.0
0.115 0.0 0.0
0.125 0.0 0.0
0.135 0.0 0.0
0.145 0.0 0.0
0.155 0.0 0.0
0.165 0.0 0.0
0.17500000000000002 0.0 0.0
0.185 0.0 0.0
0.195 0.0 0.0
0.20500000000000002 0.0 0.0
0.215 0.0 0.0
0.225 0.0 0.0
0.23500000000000001 0.0 0.0
0.245 0.0 0.0
0.255 0.0 0.0
0.265 0.0 0.0
0.275 0.0 0.0
0.28500000000000003 0.0 0.0
0.295 0.0 0.0
0.305 0.0 0.0
0.315 0.0 0.0
0.325 0.0 0.0
0.335 0.0 0.0
0.34500000000000003 0.0 0.0
0.355 0.0 0.0
0.365 0.0 0.0
0.375 0.0 0.0
0.385 0.0 0.0
0.395 0.0 0.0
0.405 0.0 0.0
0.41500000000000004 0.0 0.0
0.425 0.0 0.0
0.435 0.0 0.0
0.445 0.0 0.0
0.455 0.0 0.0
0.465 0.0 0.0
0.47500000000000003 0.0 0.0
0.485 0.0 0.0
0.495 0.0 0.0
0.505 0.0 0.0
0.515 0.0 0.0
0.525 0.0 0.0
0.535 0.0 0.0
0.545 0.0 0.0
0.555 0.0 0.0
0.5650000000000001 0.0 0.0
0.5750000000000001 0.0 0.0
0.585 0.0 0.0
0.595 0.0 0.0
0.605 0.0 0.0
0.615 0.0 0.0
0.625 0.0 0.0
0.635 0.0 0.0
0.645 0.0 0.0
0.655 0.0 0.0
0.665 0.0 0.0
0.675 0.0 0.0
0.685 0.0 0.0
0.6950000000000001 0.0 0.0
0.705 0.0 0.0
0.715 0.0 0.0
0.725 0.0 0.0
0.735 0.0 0.0
0.745 0.0 0.0
0.755 0.0 0.0
0.765 0.0 0.0
0.775 0.0 0.0
0.785 0.0 0.0
0.795 0.0 0.0
0.805 0.0 0.0
0.8150000000000001 0.0 0.0
0.8250000000000001 0.0 0.0
0.835 0.0 0.0
0.845 0.0 0.0
0.855 0.0 0.0
0.865 0.0 0.0
0.875 0.0 0.0
0.885 0.0 0.0
0.895 0.0 0.0
0.905 0.0 0.0
0.915 0.0 0.0
0.925 0.0 0.0
0.935 0.0 0.0
0.9450000000000001 0.0 0.0
0.9550000000000001 0.0 0.0
0.965 0.0 0.0
0.975 0.0 0.0
0.985 0.0 0.0
0.995 0.0 0.0
1.0050000000000001 0.0 0.0
1.0150000000000001 0.0 0.0
1.025 0.0 0.0
1.035 0.0 0.0
1.045 0.0 0.0
1.055 0.0 0.0
1.065 0.0 0.0
1.075 0.0 0.0
1.085 0.0 0.0
1.095 0.0 0.0
1.105 0.0 0.0
1.115 0.0 0.0
1.125 0.0 0.0
1.135 0.0 0.0
1.145 0.0 0.0
1.155 0.0 0.0
1.165 0.0 0.0
1.175 0.0 0.0
1.185 0.0 0.0
1.195 0.0 0.0
1.205 0.0 0.0
1.215 0.0 0.0
1.225 0.0 0.0
1.235 0.0 0.0
1.245 0.0 0.0
1.2550000000000001 0.0 0.0
1.2650000000000001 0.0 0.0
1.2750000000000001 0.0 0.0
1.285 0.0 0.0
1.295 0.0 0.0
1.305 0.0 0.0
1.315 0.0 0.0
1.325 0.0 0.0
1.335 0.0 0.0
1.345 0.0 0.0
1.355 0.0 0.0
1.365 0.0 0.0
1.375 0.0 0.0
1.385 0.0 0.0
1.395 0.0 0.0
1.405 0.0 0.0
1.415 0.0 0.0
1.425 0.0 0.0
1.435 0.0 0.0
1.445 0.0 0.0
1.455 0.0 0.0
1.465 0.0 0.0
1.475 0.0 0.0
1.485 0.0 0.0
1.495 0.0 0.0
1.5050000000000001 0.0 0.0
1.5150000000000001 0.0 0.0
1.5250000000000001 0.0 0.0
1.5350000000000001 0.0 0.0
1.545 0.0 0.0
1.555 0.0 0.0
1.565 0.0 0.0
1.575 0.0 0.0
1.585 1.8140368187510921e-6 2.8571428571428572e-8
1.595 8.956808278115617e-6 1.7142857142857143e-7
1.605 1.5921981033751074e-5 4.285714285714287e-7
1.615 2.096722117174797e-5 7.714285714285719e-7
1.625 1.8984128076685623e-5 1.0857142857142865e-6
1.635 1.875261720646596e-5 1.400000000000001e-6
1.645 5.0523587878498625e-5 2.2571428571428588e-6
1.655 4.8251048114852776e-5 3.085714285714288e-6
1.665 7.726345915067573e-5 4.428571428571432e-6
1.675 0.0001299466672231475 6.714285714285719e-6
1.685 0.0001685366220514374 9.714285714285722e-6
1.695 0.0002014508607707223 1.3342857142857153e-5
1.705 0.0002476926653882259 1.785714285714287e-5
1.715 0.0002742520347091349 2.291428571428573e-5
1.725 0.00036756817148746916 2.9771428571428458e-5
1.735 0.0004889995202229869 3.8999999999998915e-5
1.745 0.0006285839829438335 5.0999999999997614e-5
1.7550000000000001 0.0007531273803928022 6.554285714285333e-5
1.7650000000000001 0.0010737707018458656 8.65142857142797e-5
1.7750000000000001 0.0012193707761461656 0.0001105999999999913
1.7850000000000001 0.0015347166912016172 0.0001412571428571421
1.795 0.002011294372813823 0.00018188571428572547
1.805 0.002421294501411609 0.00023134285714287956
1.815 0.0029701867630979174 0.00029268571428570913
1.825 0.0036697630245325933 0.000369314285714248
1.835 0.004661181370387303 0.0004677142857142303
1.845 0.005444856513751456 0.000583914285714323
1.855 0.006570980634177053 0.0007256714285715673
1.865 0.008179107371517575 0.0009040285714288068
1.875 0.009796719049045262 0.001119957142857173
1.885 0.011783646232460993 0.0013824571428569575
1.895 0.01422884747050923 0.001702799999999696
1.905 0.016961881070205423 0.0020887142857142125
1.915 0.020242397601594905 0.002554114285714545
1.925 0.023869690446439728 0.003108657142857478
1.935 0.028461774160216564 0.0037767714285717536
1.945 0.03384924914969574 0.004579585714285678
1.955 0.040303946541765355 0.005545342857141841
1.965 0.04684182067443686 0.00667927142856904
1.975 0.05556880430909475 0.008038185714282216
1.985 0.06462343035155693 0.009634571428567435
1.995 0.07564913185823927 0.011522199999995607
2.005 0.08766010008171049 0.013731514285709673
2.015 0.10128542307112705 0.016309757142852255
2.025 0.11655342413051097 0.019306171428566152
2.035 0.13456765340443305 0.022799957142851556
2.045 0.15350579096954628 0.026824699999995143
2.055 0.1749603291670358 0.03145692857142631
2.065 0.19946964602247436 0.03678958571428538
2.075 0.22529251532340736 0.042871071428567116
2.085 0.2562786779212432 0.04985582857142134
2.095 0.2878138022717882 0.05777548571427991
2.105 0.321993691120026 0.06672044285714082
2.115 0.3627782548714478 0.07689437142857188
2.125 0.4059627192781973 0.088387299999995
2.1350000000000002 0.4523312508978289 0.10131374285713343
2.145 0.5020483746849234 0.11579568571427981
2.1550000000000002 0.5550646408045475 0.13195655714286084
2.165 0.6120622304564771 0.14994270000001655
2.1750000000000003 0.6735895580981313 0.16992017142858343
2.185 0.737878768933593 0.19200604285713274
2.195 0.8057308025914623 0.21634408571426897
2.205 0.8765310955133374 0.2430625285714197
2.215 0.9510309074200531 0.27231541428573436
2.225 1.0322321829290675 0.3043533142857448
2.235 1.112546134804402 0.3391950428571718
2.245 1.1995541500745506 0.3770985285714255
2.255 1.28790280283432 0.41815699999995476
2.265 1.3763303733323935 0.46242457142853366
2.275 1.4658485953777587 0.509988585714291
2.285 1.5574168201415646 0.5609690571428837
2.295 1.6523453839880715 0.6155313714285864
2.305 1.7452683306324417 0.6736654285714091
2.315 1.8394136296805943 0.7354682000000112
2.325 1.9305035256746932 0.80089309999998
2.335 2.020269355534128 0.8699503999999976
2.345 2.1046140630651484 0.942508300000018
2.355 2.192467198845214 1.018741028571403
2.365 2.268731513743268 1.0982968428571378
2.375 2.3433883076295126 1.1811669714286066
2.3850000000000002 2.411056336592377 1.2671495857142656
2.395 2.475807878774306 1.3561832999999965
2.4050000000000002 2.530573232785525 1.4479479857143331
2.415 2.5776183149582503 1.542197557142796
2.4250000000000003 2.619184142091955 1.6387617285714546
2.435 2.650674873649659 1.737294542857174
2.445 2.6737655070962743 1.8375037285714166
2.455 2.6860672495799216 1.938999128571469
2.465 2.687872148654159 2.041391814285674
2.475 2.683179211807386 2.144436728571471
2.485 2.663702188389196 2.2475619571428798
2.495 2.637251217922309 2.3504865285713694
2.505 2.601450066967445 2.4528293571429294
2.515 2.5567958527404717 2.5542201428570475
2.525 2.501352860131424 2.65420268571437
2.535 2.436610163264896 2.752370342857117
2.545 2.3623459787306005 2.8482983714285113
2.555 2.284504840422309 2.9417959428572407
2.565 2.1957511851314484 3.0323659285713553
2.575 2.108613585699412 3.120021171428586
2.585 2.0128199555297126 3.2043454142857777
2.595 1.9123916590916108 3.2850834142856256
2.605 1.8150720521592631 3.3623044714285593
2.615 1.7191716381120092 3.436008128571573
2.625 1.6261479912806944 3.506257928571387
2.6350000000000002 1.5339499863455446 3.573030614285573
2.645 1.449134745589822 3.636591000000117
2.6550000000000002 1.365809351916167 3.696950485714389
2.665 1.2860281031027467 3.754213114285737
2.6750000000000003 1.2125798257438383 3.808611285714153
2.685 1.1453561385803648 3.860378585714224
2.695 1.0818620741422547 3.9096410142858486
2.705 1.023747684117837 3.9566038000000607
2.715 0.9699615789034418 4.001428828571382
2.725 0.9230805687102399 4.044402157142811
2.735 0.8787235194738355 4.085611271428484
2.745 0.8402366315166128 4.125304157142875
2.755 0.8059806145468459 4.16365670000009
2.765 0.7736851390764026 4.2007402142857355
2.775 0.7481462102709832 4.236859471428555
2.785 0.7236888157785187 4.272050228571487
2.795 0.7045514885315607 4.306556871428581
2.805 0.6884489936530965 4.340516571428456
2.815 0.6767545398067926 4.374137857142826
2.825 0.6677669680132735 4.407548757142811
2.835 0.6600589059959918 4.4408082142857666
2.845 0.6551724375948644 4.474054757142809
2.855 0.6538378333749356 4.5074672285715325
2.865 0.6551811398769446 4.541183299999988
2.875 0.6571780576348193 4.575238628571462
2.8850000000000002 0.6615571849413331 4.609759785714279
2.895 0.6683011738702161 4.644875028571369
2.9050000000000002 0.6765079847211569 4.680667485714307
2.915 0.6864892591585279 4.717238514285655
2.9250000000000003 0.6942676976152027 4.754478114285733
2.935 0.7050441244613133 4.792554771428617
2.945 0.7149288275534113 4.831428814285829
2.955 0.7268878998423731 4.871222000000023
2.965 0.7373586359595575 4.9118620714285015
2.975 0.7487009338044287 4.953406099999912
2.985 0.7598590895116082 4.995853199999975
2.995 0.770146848583594 5.039163728571488
3.005 0.7815543736235576 5.083409771428688
3.015 0.7893544290376475 5.12839531428574
3.025 0.7971205908986589 5.174125299999925
3.035 0.803000418103461 5.220497685714205
3.045 0.8064040885252259 5.267374014285725
3.055 0.8118503710139423 5.314877414285862
3.065 0.8156086149915256 5.362913657142854
3.075 0.8192558152740614 5.41148007142843
3.085 0.8223224677752209 5.460545857142784
3.095 0.8258931241078271 5.510144685714359
3.105 0.8290788905649814 5.560257100000047
3.115 0.8335105851925515 5.610962414285771
3.125 0.8357871041365873 5.662133185714152
3.1350000000000002 0.8393405777337073 5.713850928571346
3.145 0.8408346811789114 5.765991785714309
3.1550000000000002 0.8451368365981328 5.818733228571553
3.165 0.847817240725931 5.871977871428545
3.1750000000000003 0.852523353199796 5.925856928571318
3.185 0.8558073414065526 5.980284771428538
3.1950000000000003 0.8608742528071317 6.035379200000112
3.205 0.8642899210047179 6.091039014285809
3.215 0.867838514842756 6.147276657142782
3.225 0.8729370507936429 6.204197142857092
3.235 0.8755457364610144 6.261642328571465
3.245 0.879921718490225 6.319732100000246
3.255 0.8838022927527333 6.378438214285697
3.265 0.8870111940890067 6.437720057142667
3.275 0.891935026015388 6.497696685714233
3.285 0.8926787227735139 6.558090457143047
3.295 0.8973680577401609 6.619171671428524
3.305 0.9010658743413842 6.680877428571257
3.315 0.9040457081286243 6.743162457142844
3.325 0.9069590201704836 6.806025757142972
3.335 0.9111604385888642 6.869560714285621
3.345 0.9137102711048933 6.933656128571237
3.355 0.9177150368737764 6.998417957142894
3.365 0.9209306741054729 7.063794700000166
3.375 0.9243880099643138 7.12980748571425
3.3850000000000002 0.9281870023662803 7.196484942857047
3.395 0.9317380434774235 7.263813542857178
3.4050000000000002 0.935703694182871 7.331827614285858
3.415 0.9387136777592606 7.4004618428569895
3.4250000000000003 0.9405115913117634 7.46963084285702
3.435 0.945078109673051 7.5395421428573
3.4450000000000003 0.9474730684833751 7.610039285714345
3.455 0.9521054317772432 7.6812929714284035
3.465 0.9554797796715893 7.753213714285714
3.475 0.9572388559650306 7.825683357142883
3.485 0.9583372749762277 7.898654328571398
3.495 0.9626729212628546 7.972376699999879
3.505 0.9640602527175336 8.04662840000002
3.515 0.9684543061659611 8.121644757142924
3.525 0.9723607219327183 8.197392871428466
3.535 0.9734713913915469 8.273658385714342
3.545 0.9763212064595452 8.350580528571594
3.555 0.9784597298896478 8.428106699999844
3.565 0.9818437224469998 8.506339271428699
3.575 0.9826206085984298 8.585073600000024
3.585 0.98477259772097 8.66442241428578
3.595 0.9875764303944801 8.74444170000003
3.605 0.9894203771584177 8.825057014285898
3.615 0.9913414744777542 8.90627758571422
3.625 0.9920926266960083 8.988010014285718
3.6350000000000002 0.9942501421516046 9.070372728571353
3.645 0.9973780523888137 9.153449771428589
3.6550000000000002 0.9993759947495474 9.237150614285792
3.665 0.9999360856497284 9.321357257142951
3.6750000000000003 1.0013592022214255 9.406144542857142
3.685 1.0044130829770144 9.491653871428579
3.6950000000000003 1.0056972433356217 9.577737842857193
3.705 1.005122810909988 9.664238957142874
3.715 1.008028633338007 9.751459071428476
3.725 1.0087086358824326 9.839208528571325
3.735 1.0083631848643917 9.927399542857145
3.745 1.0104335180691102 10.016245471428544
3.755 1.0092213553390943 10.10545935714274
3.765 1.0104039086370644 10.195254142857113
3.775 1.0108862956557132 10.285569657142963
3.785 1.0130973281156692 10.376562885714192
3.795 1.0127734400069828 10.468008314285777
3.805 1.0127911875293474 10.55993791428556
3.815 1.012727353698103 10.652345528571423
3.825 1.012384018497737 10.745206728571532
3.835 1.0117939045463804 10.83849970000001
3.845 1.0118640650784676 10.932286342857191
3.855 1.0125187887088873 11.026622457142759
3.865 1.009769456861326 11.121191142857223
3.875 1.0102596975127975 11.216295971428702
3.8850000000000002 1.0099301621711532 11.311861114285701
3.895 1.009155568036904 11.407845185714354
3.9050000000000002 1.0095267008933806 11.504358228571276
3.915 1.008005454153235 11.601220028571262
3.9250000000000003 1.0067667257476287 11.698457642857056
3.935 1.0082554369686476 11.796335885714285
3.9450000000000003 1.0066007432279105 11.894550785714147
3.955 1.0044895412018808 11.993057199999903
3.9650000000000003 1.0040739113475048 12.092021414285707
3.975 1.002869845301185 12.191366171428742
3.985 1.004112125711504 12.29133508571433
3.995 1.0020552315457938 12.391600542857244
4.005 1.00073808428278 12.492236128571333
4.015 1.000486846193857 12.593349499999954
4.025 0.9997340301489023 12.694890714285851
4.035 0.9988537769702608 12.796847257142787
4.045 0.9975620932664871 12.89917728571427
4.055 0.9980946720672654 13.002068799999918
4.065 0.9964961199459165 13.105302814285663
4.075 0.9954406345299931 13.20893548571425
4.085 0.9944985035822049 13.312978842856877
4.095 0.9951391852779351 13.417599571428607
4.105 0.994993492962684 13.522716499999891
4.115 0.9930622633468339 13.628141171428572
4.125 0.9930471297103682 13.73407724285712
4.135 0.9918247154396459 13.840396528571265
4.1450000000000005 0.9923098107672895 13.947282928571644
4.155 0.990294609159803 14.054467571428441
4.165 0.9911035437472173 14.162256742857146
4.175 0.9901075229229139 14.27045528571421
4.1850000000000005 0.9892718003948279 14.379081000000085
4.195 0.9886942103220007 14.488162728571481
4.205 0.987084101114777 14.597586642857197
4.215 0.9870678677252321 14.707529814285873
4.225 0.9880215947439214 14.818102014285664
4.235 0.9876902968636021 14.929161000000015
4.245 0.9868027355256623 15.040644814285562
4.255 0.9875392967820283 15.152738100000079
4.265 0.9877939929295712 15.265387928571554
4.275 0.988651555165125 15.37866488571435
4.285 0.9880475672160138 15.492402885714283
4.295 0.9882434815004125 15.606695028571401
4.305 0.9888134707235328 15.721586228571349
4.315 0.9889917346843905 15.837032614285802
4.325 0.9894124963671442 15.953064057142932
4.335 0.9897338551637735 16.069670542857068
4.345 0.99129678430395 16.187000614286024
4.355 0.9907208962079491 16.304802899999952
4.365 0.9914313634921751 16.423231671428553
4.375 0.9915949916339875 16.542223328571268
4.385 0.992274163886306 16.66184144285719
4.3950000000000005 0.9940645350961287 16.782222571428502
4.405 0.9954403290144188 16.90331950000009
4.415 0.996173435187164 17.02505645714264
4.425 0.9962852005888709 17.147359228571457
4.4350000000000005 0.9976503110604084 17.27038374285703
4.445 0.9995179208634978 17.394195014285696
4.455 0.9991999512309228 17.518524428571318
4.465 1.0004827231055435 17.643572957143025
4.4750000000000005 1.0013768742146985 17.76929449999974
4.485 1.0025825286538843 17.895730600000405
4.495 1.004367070993947 18.022957200000064
4.505 1.0049933794743724 18.1508302
4.515 1.0061674343629647 18.279421571428294
4.525 1.0067628750239186 18.40865962857159
4.535 1.0071698902296708 18.538522014285714
4.545 1.009413008550744 18.66924824285743
4.555 1.0097294142034174 18.800591514285713
4.565 1.0115950116066337 18.932755857143032
4.575 1.0129111289384438 19.06567257142837
4.585 1.013443940274619 19.199241200000017
4.595 1.0147643748248683 19.333567885714135
4.605 1.0156064762311516 19.46859182857134
4.615 1.0177481301828029 19.604488799999782
4.625 1.0183931227654917 19.741061842857377
4.635 1.0196099437636454 19.878389999999868
4.6450000000000005 1.0194507212347341 20.01628982857161
4.655 1.0195512885261433 20.154797714285987
4.665 1.0187821965246044 20.293796399999938
4.675 1.0203176993542535 20.433602042857235
4.6850000000000005 1.0199455574611658 20.57395521428571
4.695 1.0208677503685633 20.715035628571393
4.705 1.019442276807195 20.856519828571706
4.715 1.019713365175961 20.998643871428644
4.7250000000000005 1.019429436071199 21.141331671428787
4.735 1.020440728955994 21.28476622857136
4.745 1.019699081981355 21.428702585714703
4.755 1.0205772008219085 21.573370742857332
4.765 1.0193018596296315 21.718466485714398
4.775 1.0193441176848193 21.86417791428567
4.785 1.0180005532703202 22.010307428571558
4.795 1.0184744394299858 22.157116671428867
4.805 1.0167490088957 22.304289142856778
4.815 1.0157161173151559 22.451924700000045
4.825 1.0149141329055906 22.600057071428466
4.835 1.0139162134818762 22.748657842857106
4.845 1.0105460506278563 22.897377957143128
4.855 1.0095062395099812 23.04655895714255
4.865 1.0096886315182672 23.19638220000006
4.875 1.0080898472327537 23.346583785714042
4.885 1.0060602553583842 23.497098571428946
4.8950000000000005 1.0048115819808505 23.648042642857238
4.905 1.0036534615090413 23.799429385714088
4.915 1.002353251676804 23.95123711428597
4.925 1.0000391364025716 24.10331129999967
4.9350000000000005 0.9977133531262248 24.25564855714297
4.945 0.9968175699491741 24.408466485714392
4.955 0.9953903890494288 24.561683428571005
4.965 0.9938988521277963 24.715288914285743
4.9750000000000005 0.9932443390337043 24.86941221428562
4.985 0.9909537105734159 25.023798857142758
4.995 0.9891938333888864 25.178530242856958
5.005 0.988491998685334 25.33377157142832
5.015 0.9876470051022793 25.489500628571513
5.025 0.9861712903849651 25.645617742857613
5.035 0.9854758144070352 25.80224629999961
5.045 0.9845159630981357 25.95934447142852
5.055 0.9828675704215557 26.116801971428465
5.065 0.9828001082407635 26.274872214285633
5.075 0.9815024252461448 26.43335770000045
5.085 0.9799792735809921 26.592221457142976
5.095 0.9799667832481795 26.7517086285715
5.105 0.9799177542425332 26.91181445714307
5.115 0.9792852337545194 27.07244440000004
5.125 0.9796820325614423 27.2337683714285
5.135 0.9795431645797522 27.395699557142706
5.1450000000000005 0.9801328431701377 27.558359914285518
5.155 0.9796919906027347 27.72157974285762
5.165 0.9797789105722438 27.885447971428707
5.175 0.9807596634678412 28.05011601428597
5.1850000000000005 0.9808049321492978 28.21542870000014
5.195 0.9815785744519339 28.38151055714315
5.205 0.9816570092234898 28.548245742856803
5.215 0.9818897488383422 28.715661900000093
5.2250000000000005 0.9831644222481916 28.883938899999958
5.235 0.9837777331866239 29.05296601428577
5.245 0.9858179717538633 29.222991385714252
5.255 0.986529777616081 29.393788942857483
5.265 0.9873477669759468 29.565379314285394
5.275 0.9880844999327285 29.737750642857275
5.285 0.9885619746652974 29.910859742857088
5.295 0.9896773525398838 30.08482061428541
5.305 0.9901496510363993 30.259522514285273
5.315 0.9923728094774978 30.435277399999848
5.325 0.9930361496016121 30.611812185713994
5.335 0.9943699657387409 30.789248642856986
5.345 0.9959286075852445 30.96763007142898
5.355 0.9962869305098411 31.146744014285623
5.365 0.997875318266243 31.32681417142882
5.375 0.9996881597332016 31.50788458571416
5.385 1.0004113673277681 31.68976085714326
5.3950000000000005 1.0023484108619762 31.872666714285874
5.405 1.002605885991206 32.0562984142855
5.415 1.0043141805052034 32.24092427142881
5.425 1.0057516813356142 32.426497899999966
5.4350000000000005 1.0066656230107363 32.61292555714319
5.445 1.007296690481654 32.80015717142825
5.455 1.0078763967538356 32.98818528571446
5.465 1.008904795367059 33.1770959714285
5.4750000000000005 1.009203875842505 33.36675484285707
5.485 1.0116961217806175 33.557577242857455
5.495 1.0120890488467345 33.749170457142704
5.505 1.0134663861103843 33.941723328571534
5.515 1.013828508391089 34.13504544285736
5.525 1.0140793290231775 34.32911727142855
5.535 1.0141185212612975 34.52389978571441
5.545 1.015024287261891 34.71956135714273
5.555 1.0152430014343388 34.91597160000016
5.565 1.0146474001304806 35.11297398571441
5.575 1.0154272498723704 35.31083697142842
5.585 1.0164123419764637 35.50960305714282
5.595 1.0168259696344235 35.70916274285709
5.605 1.016215176124582 35.90931611428618
5.615 1.0176226730152051 36.1104625285712
5.625 1.0175967534019925 36.31232090000024
5.635 1.017688682712682 36.514915928571185
5.6450000000000005 1.0180360048743677 36.718300042857294
5.655 1.0182545155917588 36.92244918571413
5.665 1.0183717005237316 37.12734455714277
5.675 1.0192763625492927 37.333146599999814
5.6850000000000005 1.0196266791499133 37.539745557143306
5.695 1.0192460118298172 37.746994571428445
5.705 1.0198681500040114 37.95509899999993
5.715 1.019086051685082 38.16377347142806
5.7250000000000005 1.0200123987990493 38.37336919999968
5.735 1.0194191800585815 38.58357545714274
5.745 1.0213173967475975 38.794908199999554
5.755 1.0205799679258238 39.00682417142815
5.765 1.0201837619354415 39.21939468571412
5.775 1.0192084129156247 39.432499357142774
5.785 1.0195321394209365 39.646410614286026
5.795 1.0195971179273626 39.86107572857171
5.805 1.0189752113614703 40.07635095714304
5.815 1.0197707874250797 40.292537171428584
5.825 1.0187231547111992 40.509244714285444
5.835 1.0189262138619004 40.726740300000024
5.845 1.0189325677969556 40.94498337142843
5.855 1.018100536725778 41.16379502857074
5.865 1.0180972820759362 41.38335405714307
5.875 1.0178460633915334 41.60360807142841
5.885 1.0170945884230256 41.824449357142726
5.8950000000000005 1.0165548641835118 42.04592421428537
5.905 1.0160938606415368 42.268050328570986
5.915 1.0155804033343199 42.49081678571374
5.925 1.0156934509036 42.71436198571459
5.9350000000000005 1.0163667811914312 42.9388111
5.945 1.015283544197623 43.16377718571405
5.955 1.014344428758737 43.38929194285754
5.965 1.0155838538849569 43.61584121428611
5.9750000000000005 1.0148221358019878 43.84298022857162
5.985 1.0138678490404527 44.070665871428126
5.995 1.012666251312601 44.29884225714296
6.005 1.0131640645568902 44.527893042857166
6.015000000000001 1.0127750898000385 44.75761909999944
6.025 1.0125906982791517 44.98806767142853
6.035 1.0119563887910006 45.219137014285664
6.045 1.0110992398988645 45.45077638571447
6.055 1.0114085529281525 45.683253871429095
6.065 1.0105621581783546 45.91630468571466
6.075 1.0104076742000045 46.15008889999995
6.085 1.0095204250062761 46.38443744285699
6.095 1.0089023365469778 46.619412914286
6.105 1.008889723890374 46.85515711428542
6.115 1.0082254357778515 47.09151851428547
6.125 1.0088042097521128 47.328789728571685
6.135 1.0077295725942998 47.5665827571437
6.1450000000000005 1.0080530566166082 47.80522820000034
6.155 1.00755556065445 48.044532828571924
6.165 1.0069463916082042 48.28447052857131
6.175 1.0064864728856506 48.525077299999346
6.1850000000000005 1.0062475736503955 48.76640669999946
6.195 1.004592710205154 49.00811892857126
6.205 1.0055307326689167 49.25083855714326
6.215 1.0039678784400505 49.49396268571398
6.2250000000000005 1.0031940616409807 49.737681828571304
6.235 1.00371236667553 49.982310957142765
6.245 1.0028700416727185 50.227519457143096
6.255 1.002595051004829 50.47344642857129
6.265000000000001 1.001748934204805 50.71995215714258
6.275 1.0016402538581335 50.96721861428581
6.285 1.0013880556250323 51.2152113428576
6.295 0.9999375074454256 51.463633485713935
6.305 1.0003567088581542 51.71295000000011
6.315 0.9992721834100478 51.96278684285706
6.325 0.9998239206592437 52.21355394285719
6.335 0.9988240750982942 52.4648630428578
6.345 0.9988380695945782 52.71696969999991
6.355 0.9985750779069001 52.96980505714317
6.365 0.9975765610896643 53.22318312857222
6.375 0.9980636243433122 53.47748208571351
6.385 0.9974876046092852 53.73243224285785
6.3950000000000005 0.9971635419585079 53.9880985285717
6.405 0.9961949934696855 54.24431591428585
6.415 0.995833226372048 54.50124064285682
6.425 0.9959018627900056 54.758984771428615
6.4350000000000005 0.9955868398432666 55.01745005714291
6.445 0.9958483176242867 55.27678737142881
6.455 0.9952099226113043 55.536763314285544
6.465 0.9940857181139812 55.79725080000049
6.4750000000000005 0.9953485665947753 56.05887668571406
6.485 0.9951958580978034 56.321271042857134
6.495 0.994989460140101 56.58442067142876
6.505 0.9941501263865592 56.848158571428016
6.515000000000001 0.9950472422026769 57.1129466999995
6.525 0.9945996214330722 57.37842882857117
6.535 0.9936669915010388 57.64447561428551
6.545 0.9943046680285506 57.91150849999988
6.555 0.9943565876677197 58.179371985714425
6.565 0.9937708330707741 58.4478951000004
6.575 0.9944438886986482 58.71741929999987
6.585 0.9940737433272384 58.98766334285679
6.595 0.9940879572803878 59.25873267142835
6.605 0.9943638550688201 59.53070012857166
6.615 0.9935521851321784 59.803269057143
6.625 0.9940405032640501 60.07679707142842
6.635 0.9941888080582729 60.35119238571445
6.6450000000000005 0.9947919256818489 60.626582400000224
6.655 0.9947967045130699 60.90280322857201
6.665 0.9939948234686478 61.17963147142902
6.675 0.9941166895975055 61.457325071428805
6.6850000000000005 0.9934425962548513 61.73566247142878
6.695 0.9932651191398933 62.01478334285744
6.705 0.993423260973202 62.29478322857127
6.715 0.9936429629670498 62.57568104285718
6.7250000000000005 0.9939397970307107 62.85750027142782
6.735 0.9944195202125866 63.14029467142878
6.745 0.9938533578724533 63.42376798571396
6.755 0.9932969235101544 63.70792328571428
6.765000000000001 0.9935569322752805 63.992995128571756
6.775 0.9943484637414587 64.27913815714284
6.785 0.9944639487742529 64.56615984285692
6.795 0.9943720090146118 64.85400158571315
6.805 0.9946553495676734 65.14277342857186
6.815 0.994968855847864 65.43248588571413
6.825 0.9944843671734592 65.72290769999944
6.835 0.9947784650491364 66.01426732857173
6.845 0.9951236954174046 66.3065815428585
6.855 0.995471213288932 66.59985285714393
6.865 0.9954735524411249 66.8939811285715
6.875 0.995506280011635 67.1889766142855
6.885 0.9953348414033782 67.4847799428582
6.8950000000000005 0.9953717237582373 67.78145415714316
6.905 0.9963151669930886 68.07927155714337
6.915 0.996508511241552 68.37801015714285
6.925 0.9968875021334271 68.67772735714264
6.9350000000000005 0.9966998168640366 68.97825420000045
6.945 0.9960658031895143 69.27945664285653
6.955 0.9969065966996796 69.58178208571486
6.965 0.9975507136666301 69.88517342857178
6.9750000000000005 0.996724654569923 70.18918462857059
6.985 0.9970395296714292 70.49416448571414
6.995 0.9969034677312445 70.79997647142834
7.005 0.9974255603146388 71.10682407142868
7.015000000000001 0.9969489750484702 71.41440134285692
7.025 0.9973251581202643 71.72297254285786
7.035 0.9983229484447573 72.03273245714308
7.045 0.9980402961363477 72.34328567142836
7.055 0.9986252492519203 72.65490367142837
7.065 0.9977157165178904 72.96712107142885
7.075 0.9977911122970836 73.28024660000038
7.085 0.9975656407902223 73.59418695714216
7.095 0.9974332126490218 73.90897235714289
7.105 0.9981157139546256 74.22486172857175
7.115 0.9976138324214255 74.54148164285834
7.125 0.9974693797800332 74.85894621428608
7.135 0.9972357440554518 75.17722797142834
7.1450000000000005 0.9978691233428157 75.49660524285693
7.155 0.9974823342831237 75.8167529857139
7.165 0.9980295116443041 76.13797235714287
7.175 0.9983997546941258 76.460208485714
7.1850000000000005 0.9984509052792736 76.78336001428524
7.195 0.9984109821211394 77.10739872857134
7.205 0.9977998805686201 77.43213991428452
7.215 0.9980025884884371 77.75784931428566
7.2250000000000005 0.9984303523376952 78.08460219999918
7.235 0.9991717621684741 78.41250352857111
7.245 0.9992754278162154 78.74134602857104
7.255 0.9991836376619356 79.07106664285658
7.265000000000001 0.9992781785504674 79.40172811428633
7.275 0.9993837943359722 79.7333355428561
7.285 0.9987868041796035 80.06565660000003
7.295 0.9994607213758547 80.39911547142873
7.305 0.9999718195121396 80.73366017142854
7.315 0.9999929319592762 81.06912851428488
7.325 1.0001117000987143 81.40555464285703
7.335 1.0000388647205474 81.74287540000047
7.345 1.000384327205854 82.08123338571488
7.355 0.9998786546256412 82.42034182857165
7.365 1.0006623933051961 82.76063954285767
7.375 1.0005198068781178 83.1018133571423
7.385 1.0005159172131068 83.44391168571428
7.3950000000000005 1.0015205814886143 83.78728155714263
7.405 1.0014937063376037 84.13157147142813
7.415 1.002076610058859 84.47699282857036
7.425 1.001298013920768 84.82307738571514
7.4350000000000005 1.0014776559328877 85.1701570428574
7.445 1.0014617237815189 85.51816542857158
7.455 1.00159126605316 85.86715445714323
7.465 1.00187680897101 86.21718012857245
7.4750000000000005 1.0024057160479432 86.5683294857148
7.485 1.001981872721141 86.92027012857109
7.495 1.0027803520037417 87.2734329999993
7.505 1.0018557594733053 87.6272123999993
7.515000000000001 1.002618580572982 87.98220529999955
7.525 1.0028541858411784 88.3382272285711
7.535 1.002791712108522 88.6951737857138
7.545 1.00257574312911 89.05299132857245
7.555 1.0022555233645205 89.41164339999945
7.565 1.0025020252711663 89.77133398571479
7.575 1.0031517237522933 90.13220985714324
7.585 1.002812949034071 90.49391697142833
7.595 1.002738842075484 90.85655165714279
7.605 1.0028688131676333 91.2201890285713
7.615 1.0028558932803864 91.58477864285622
7.625 1.0028670648434164 91.95033051428646
7.635 1.0030079926235922 92.3168933428566
7.6450000000000005 1.0033229618315174 92.68453242857281
7.655 1.0028131605561965 93.05294662857224
7.665 1.0030090516101935 93.42239615714095
7.675 1.0028762773539237 93.7927612714288
7.6850000000000005 1.0036633388187164 94.16438355714318
7.695 1.0029984217097245 94.5367267714287
7.705 1.0030783810926587 94.91006812857087
7.715 1.00317779364207 95.28441629999953
7.7250000000000005 1.0032044846242814 95.65974552857196
7.735 1.0028638951457205 96.035919357143
7.745 1.0036183987775733 96.41335021428638
7.755 1.0031365989225036 96.79157468571351
7.765000000000001 1.0031648902230486 97.17078591428684
7.775 1.0031674022029493 97.55097544285769
7.785 1.0033149505211472 97.93219964285586
7.795 1.0033772878896503 98.31442759999928
7.805000000000001 1.0033682714658736 98.69763344285542
7.815 1.0034430581862812 99.08185049999976
7.825 1.003468449405635 99.46706121428603
7.835 1.003595748880843 99.85330611428559
7.845 1.0034797377961278 100.24049282857189
7.855 1.0039833037803894 100.62886205714236
7.865 1.0034625361924687 101.0180187999997
7.875 1.0033186353358918 101.40810981428605
7.885 1.0028928173306122 101.79902618571462
7.8950000000000005 1.0030438672517976 102.19099375714202
7.905 1.003174826126789 102.58400621428456
7.915 1.003172216755125 102.97801261428698
7.925 1.0027558356067245 103.3728512857152
7.9350000000000005 1.0024239898856058 103.76855602857158
7.945 1.0030372455945464 104.1655014571431
7.955 1.003844058353685 104.56376684285678
7.965 1.0033243431465506 104.96282744285824
7.9750000000000005 1.0027688222075026 105.36266920000068
7.985 1.002407884133672 105.76337004285567
7.995 1.002564973568997 106.16513810000002
8.005 1.0028936351282614 106.56804387142935
8.015 1.0030573507913667 106.97202284285669
8.025 1.0024400705369 107.37676127142711
8.035 1.0026348399800078 107.78258785714245
8.045 1.0022953679570814 108.18928747142891
8.055 1.0020177397915173 108.59688584285742
8.065 1.00271576888047 109.00578152857237
8.075 1.002486106230807 109.41559795714322
8.085 1.0033075692435325 109.82676668571528
8.095 1.003181271225018 110.23890127142845
8.105 1.002650377425524 110.65183608571357
8.115 1.0030920553917646 111.06597284285748
8.125 1.0028065368302523 111.48101272857109
8.135 1.0029978554134604 111.89715425714269
8.145 1.0025617722010642 112.31413812857052
8.155 1.002568861543282 112.73214948571288
8.165000000000001 1.0018670710136306 113.15089331428503
8.175 1.002681984867141 113.57100491428578
8.185 1.0020850751529995 113.99189422857228
8.195 1.0021471048136599 114.41383872857162
8.205 1.0025931314570957 114.83700187142861
8.215 1.0021988854985127 115.26103031428482
8.225 1.0022468532361075 115.68611205714257
8.235 1.002160354362707 116.11219128571372
8.245000000000001 1.0019274614703821 116.53920668571567
8.255 1.001209373651152 116.96695174285632
8.265 1.0011476292221042 117.39570731428606
8.275 1.0011893448582392 117.82551894285794
8.285 1.0007447021642688 118.2561786714273
8.295 1.0020440633321233 118.68843915714409
8.305 1.0019420022771341 119.12169835714111
8.315 1.001671230779653 119.55588418571416
8.325 1.001298721249077 119.99095312857223
8.335 1.0017451304272313 120.4272623428578
8.345 1.0015781156827934 120.86454620000055
8.355 1.0011039533737252 121.30267118571389
8.365 1.001230660251584 121.74190115714336
8.375 1.0014248263573402 122.1822672999998
8.385 1.0012553131683344 122.62361097142808
8.395 1.0008977584217982 123.06584998571412
8.405 1.0008042401602455 123.50910178571503
8.415000000000001 1.0000489344184953 123.953073628572
8.425 0.9999087023262323 124.39803888571485
8.435 1.0001784372686242 124.84418138571472
8.445 1.0001693495225012 125.2913782857137
8.455 0.9993397241568222 125.73926307142813
8.465 1.000050327370176 126.18852717142754
8.475 0.9998125426656026 126.63874628571362
8.485 0.9997293557164265 127.08999094285808
8.495000000000001 0.9997706594028034 127.54231854285739
8.505 0.9996231790801435 127.9956448142869
8.515 0.999761224354565 128.45010048571436
8.525 0.9996826669721421 128.905588414285
8.535 0.9996387371159152 129.36212550000087
8.545 0.9990536731093905 129.81946518571507
8.555 0.9989693718435448 130.27783724285888
8.565 1.0000654038463799 130.73778560000002
8.575000000000001 0.9992981727237229 131.19845491428555
8.585 0.9996502798394398 131.66036199999917
8.595 0.9999131893413492 132.12346755714464
8.605 0.9999621494791786 132.5876740857126
8.615 0.9993867504440117 133.05269242857034
8.625 0.9998060333761843 133.51898649999885
8.635 1.000225064602829 133.986558342858
8.645 0.99989167393434 134.45505757142897
8.655 1.0000210999991024 134.92470207142844
8.665000000000001 1.0001712712418895 135.39550314285842
8.675 0.9997611768684534 135.8671980285713
8.685 0.999394393143491 136.33980757143135
8.695 0.9999172146255805 136.81375388571436
8.705 1.000029949759015 137.2888445428593
8.715 1.0000979527945777 137.76505974285715
8.725 0.9995341619040973 138.24209935714316
8.735 0.9996509338693677 138.7202889571433
8.745000000000001 0.9996664103354205 139.1995814857149
8.755 0.9999600766550429 139.6801119142841
8.765 1.000387690789934 140.16194665714394
8.775 0.9998209788941818 140.64460789999902
8.785 1.0000531751558595 141.12848219999813
8.795 0.9996999044523072 141.61328740000118
8.805 0.9996995866746645 142.09919552857082
8.815 0.9997422382782282 142.58622877142923
8.825000000000001 0.999426116453691 143.07421330000017
8.835 0.9996457324056454 143.56341184285685
8.845 1.000225729737611 144.0540029000009
8.855 0.9991687693391821 144.5451842999988
8.865 0.9989735196582368 145.03737951428678
8.875 0.9996319966743172 145.53101094285762
8.885 0.9998482919189474 146.0258624571427
8.895 0.9997323713377091 146.5217709999976
8.905 0.9999614508943794 147.01890908571522
8.915000000000001 1.0007362544141047 147.51755040000035
8.925 1.000157755076575 148.0170221000022
8.935 1.0004134533043854 148.5177416714281
8.945 0.9999023735061433 149.01932630000059
8.955 1.0003701127583506 149.52226819999962
8.965 1.0001176020798297 150.0262067571433
8.975 1.0004294138234926 150.53142764285718
8.985 0.9999555455911855 151.0375351571416
8.995000000000001 1.0000287926362526 151.54480701428605
9.005 1.0002688326045317 152.05332942856995
9.015 1.0002530626044865 152.56297385714166
9.025 0.9997565770932382 153.07349604285832
9.035 0.999800947710536 153.58517291428512
9.045 0.9999962549945036 154.0980832428572
9.055 0.9998359032588809 154.61204590000293
9.065 1.0004638908127355 155.12746791428674
9.075000000000001 1.0006536192903266 155.64412568571427
9.085 1.0008852267740138 156.16204257142812
9.095 1.0010746935930976 156.68119849999786
9.105 1.000634528781278 157.20126791428564
9.115 1.000760478718116 157.72254594285778
9.125 1.0006636154538733 158.2449178142857
9.135 1.00071070112763 158.76845987142875
9.145 1.0004608726544377 159.29301779999966
9.155 1.000370829456452 159.81867624285695
9.165000000000001 1.0004141092847567 160.34550645714214
9.175 1.0006490401559456 160.8736109428565
9.185 1.0003581846806198 161.40271339999785
9.195 1.0000111661402586 161.9327846428586
9.205 1.0002496270010794 162.4641361428567
9.215 1.0002549721949179 162.9966456000011
9.225 1.0006638386050937 163.5305295714278
9.235 1.0006690499644684 164.0655744285714
9.245000000000001 1.0005196679124755 164.60169860000013
9.255 1.0003008911522424 165.13886572857163
9.265 1.0002558987374632 165.6771700857139
9.275 1.0003404462211476 166.21668268571258
9.285 1.0002816967172992 166.75732752857036
9.295 0.9999912715156324 167.2989802428554
9.305 1.0006344992762402 167.84214821428586
9.315 1.0002251387079704 168.38626160000115
9.325000000000001 1.0004127238958345 168.93164612857075
9.335 1.0005389773149331 169.47826998571313
9.345 1.0007672917463268 170.02619060000106
9.355 1.0006047333538044 170.57519530000093
9.365 1.0007567269083857 171.12545791428522
9.375 1.000951243436843 171.67700348571336
9.385 1.0009863484095523 172.22974570000147
9.395 1.0013814355617827 172.78388509999968
9.405 1.0007112372542237 173.33883311428582
9.415000000000001 1.0010688135624815 173.89516058571212
9.425 1.001017556683431 174.45264192857152
9.435 1.001085547355515 175.01134482857182
9.445 1.0004995314788014 175.57090492857316
9.455 1.0005538848290432 176.1316810000005
9.465 1.0012607054215679 176.6940408857141
9.475 1.0006343282197878 177.25723714285715
9.485 1.0009395755404455 177.82179500000208
9.495000000000001 1.0012685386592592 178.38772984285706
9.505 1.0012974734205964 178.95487377143152
9.515 1.001163927142679 179.5231358857126
9.525 1.0008354684273173 180.09240625714133
9.535 1.0008667170814625 180.6628903857136
9.545 1.0004790611861338 181.23435032857017
9.555 1.0009456059293436 181.80727534285708
9.565 1.0007582128588675 182.38129271428514
9.575000000000001 1.000891180170801 182.9565873857137
9.585 1.0015591527627228 183.5334690857143
9.595 1.0015121962720328 184.11152802857225
9.605 1.0011152288157483 184.69056291428691
9.615 1.001371921509279 185.27095289999926
9.625 1.0013879559981016 185.85256008571483
9.635 1.0010186107113297 186.43516147142762
9.645 1.0003574263510602 187.0185872142861
9.655 1.000775348337979 187.60346762856824
9.665000000000001 1.0010382582765385 188.18971419999988
9.675 1.001000131275 188.77715215713906
9.685 1.0011161810681786 189.36587332857135
9.695 1.0013581327423047 189.9559534428584
9.705 1.001131735618317 190.54711778571482
9.715 1.0010703724717924 191.13946471428704
9.725 1.0009311059390813 191.73294914285697
9.735 1.0010480729007354 192.3277242285691
9.745000000000001 1.001422600754854 192.92394485714266
9.755 1.0014618703521199 193.52141318571293
9.765 1.0012754957037515 194.11999567142888
9.775 1.001116165634841 194.71970931428507
9.785 1.0005944630028758 195.32033745714244
9.795 1.0006895003813399 195.92225104285646
9.805 1.0012200537397906 196.52571405714116
9.815 1.0009242200616584 197.13022995714633
9.825000000000001 1.0007805258200393 197.73589134285945
9.835 1.0008267028597144 198.34281425714374
9.845 1.0011064752544443 198.9511420142871
9.855 1.0010266892093607 199.56065762857193
9.865 1.0012386210065998 200.17154014285862
9.875 1.00084101261115 200.7834186857137
9.885 1.0008112041528845 201.39651884285857
9.895 1.0009765439106004 202.0109615857146
9.905 1.0009685143387501 202.62664194285716
9.915000000000001 1.001116652724212 203.24365739999783
9.925 1.0011348430091773 203.86192932857233
9.935 1.0015348905054082 204.48169532857204
9.945 1.0011783167336124 205.1024884999986
9.955 1.0005382722725997 205.72413308571376
9.965 1.0008581834127352 206.34722637142426
9.975 1.0009822514861606 206.9716482428572
9.985 1.000625781334236 207.5970998999996
9.995000000000001 1.0014822292402445 208.2243413714298
10.005 1.000976678712382 208.85252131428416
